frequency,raw,error,smoothed,error_smoothed,equalization,parametric_eq,fixed_band_eq,equalized_raw,equalized_smoothed,target
20.00,2.89,-5.42,2.89,-5.42,5.42,-0.02,1.49,8.31,8.31,8.31
20.20,2.95,-5.35,2.95,-5.35,5.35,-0.02,1.53,8.30,8.30,8.30
20.40,3.00,-5.28,3.00,-5.28,5.28,-0.02,1.58,8.28,8.28,8.28
20.61,3.05,-5.21,3.05,-5.21,5.21,-0.02,1.63,8.27,8.27,8.27
20.81,3.11,-5.14,3.11,-5.14,5.14,-0.02,1.68,8.25,8.25,8.25
21.02,3.16,-5.08,3.16,-5.08,5.08,-0.02,1.73,8.23,8.23,8.23
21.23,3.21,-5.01,3.21,-5.01,5.01,-0.02,1.78,8.22,8.22,8.22
21.44,3.25,-4.95,3.25,-4.95,4.95,-0.02,1.83,8.20,8.20,8.20
21.66,3.30,-4.88,3.30,-4.88,4.88,-0.02,1.89,8.19,8.19,8.18
21.87,3.35,-4.82,3.35,-4.82,4.82,-0.02,1.95,8.17,8.17,8.17
22.09,3.39,-4.76,3.39,-4.76,4.76,-0.02,2.00,8.15,8.15,8.15
22.31,3.44,-4.70,3.44,-4.70,4.70,-0.02,2.07,8.14,8.14,8.14
22.54,3.48,-4.64,3.48,-4.64,4.64,-0.02,2.13,8.12,8.12,8.12
22.76,3.52,-4.58,3.52,-4.58,4.57,-0.02,2.19,8.10,8.10,8.10
22.99,3.57,-4.51,3.57,-4.51,4.51,-0.02,2.25,8.08,8.08,8.08
23.22,3.61,-4.45,3.61,-4.45,4.45,-0.02,2.32,8.06,8.06,8.06
23.45,3.65,-4.38,3.65,-4.38,4.39,-0.02,2.39,8.04,8.04,8.04
23.69,3.69,-4.32,3.69,-4.32,4.32,-0.02,2.46,8.02,8.02,8.01
23.92,3.73,-4.26,3.73,-4.26,4.26,-0.02,2.53,8.00,8.00,7.99
24.16,3.77,-4.20,3.77,-4.20,4.21,-0.02,2.60,7.98,7.98,7.98
24.40,3.81,-4.15,3.81,-4.15,4.15,-0.03,2.67,7.96,7.96,7.96
24.65,3.85,-4.09,3.85,-4.09,4.09,-0.03,2.75,7.94,7.94,7.94
24.89,3.89,-4.03,3.89,-4.03,4.03,-0.03,2.82,7.93,7.93,7.93
25.14,3.94,-3.98,3.94,-3.98,3.97,-0.03,2.89,7.91,7.91,7.91
25.39,3.98,-3.92,3.98,-3.92,3.91,-0.03,2.97,7.89,7.89,7.90
25.65,4.02,-3.86,4.02,-3.86,3.85,-0.03,3.04,7.87,7.87,7.88
25.91,4.06,-3.79,4.06,-3.79,3.79,-0.03,3.12,7.85,7.85,7.86
26.16,4.10,-3.73,4.10,-3.73,3.73,-0.03,3.19,7.84,7.84,7.83
26.43,4.14,-3.67,4.14,-3.67,3.67,-0.03,3.26,7.82,7.81,7.81
26.69,4.18,-3.61,4.18,-3.61,3.61,-0.03,3.34,7.79,7.79,7.79
26.96,4.21,-3.55,4.21,-3.55,3.56,-0.03,3.41,7.77,7.77,7.77
27.23,4.24,-3.50,4.24,-3.50,3.50,-0.03,3.47,7.74,7.74,7.74
27.50,4.27,-3.44,4.27,-3.44,3.44,-0.03,3.54,7.72,7.72,7.72
27.77,4.30,-3.39,4.30,-3.39,3.39,-0.03,3.60,7.69,7.69,7.69
28.05,4.33,-3.33,4.33,-3.33,3.33,-0.03,3.66,7.66,7.66,7.66
28.33,4.36,-3.28,4.36,-3.28,3.27,-0.03,3.72,7.63,7.63,7.63
28.62,4.38,-3.22,4.38,-3.22,3.22,-0.04,3.77,7.60,7.60,7.60
28.90,4.41,-3.16,4.41,-3.16,3.17,-0.04,3.81,7.58,7.58,7.57
29.19,4.44,-3.11,4.44,-3.11,3.11,-0.04,3.85,7.55,7.55,7.55
29.48,4.47,-3.05,4.47,-3.06,3.06,-0.04,3.89,7.53,7.53,7.52
29.78,4.50,-3.00,4.50,-3.00,3.01,-0.04,3.92,7.50,7.50,7.50
30.08,4.52,-2.95,4.52,-2.95,2.95,-0.04,3.94,7.48,7.48,7.48
30.38,4.55,-2.90,4.55,-2.90,2.90,-0.04,3.96,7.45,7.45,7.45
30.68,4.58,-2.85,4.58,-2.85,2.85,-0.04,3.96,7.43,7.43,7.43
30.99,4.60,-2.80,4.60,-2.80,2.80,-0.04,3.97,7.40,7.40,7.41
31.30,4.63,-2.75,4.63,-2.75,2.75,-0.04,3.96,7.38,7.38,7.38
31.61,4.66,-2.69,4.66,-2.69,2.69,-0.04,3.95,7.35,7.35,7.35
31.93,4.68,-2.64,4.68,-2.64,2.64,-0.05,3.93,7.32,7.32,7.32
32.24,4.70,-2.58,4.70,-2.58,2.59,-0.05,3.90,7.29,7.29,7.29
32.57,4.73,-2.53,4.73,-2.53,2.53,-0.05,3.87,7.26,7.26,7.26
32.89,4.75,-2.48,4.75,-2.48,2.48,-0.05,3.83,7.23,7.23,7.23
33.22,4.77,-2.43,4.77,-2.43,2.43,-0.05,3.78,7.20,7.20,7.20
33.55,4.79,-2.38,4.79,-2.38,2.38,-0.05,3.73,7.17,7.17,7.17
33.89,4.81,-2.33,4.81,-2.33,2.33,-0.05,3.67,7.14,7.14,7.14
34.23,4.83,-2.28,4.83,-2.28,2.27,-0.05,3.60,7.11,7.11,7.11
34.57,4.85,-2.22,4.85,-2.22,2.22,-0.05,3.53,7.08,7.08,7.08
34.92,4.87,-2.17,4.87,-2.17,2.17,-0.06,3.46,7.05,7.05,7.04
35.27,4.89,-2.12,4.89,-2.12,2.12,-0.06,3.38,7.01,7.01,7.01
35.62,4.91,-2.07,4.91,-2.07,2.07,-0.06,3.30,6.98,6.98,6.98
35.97,4.93,-2.02,4.93,-2.02,2.02,-0.06,3.22,6.95,6.95,6.95
36.33,4.94,-1.97,4.94,-1.97,1.97,-0.06,3.13,6.91,6.91,6.91
36.70,4.96,-1.92,4.96,-1.92,1.92,-0.06,3.04,6.88,6.88,6.88
37.06,4.98,-1.87,4.98,-1.87,1.87,-0.06,2.95,6.84,6.84,6.85
37.43,4.99,-1.82,4.99,-1.82,1.82,-0.07,2.86,6.81,6.81,6.81
37.81,5.01,-1.77,5.01,-1.77,1.77,-0.07,2.77,6.78,6.78,6.78
38.19,5.02,-1.72,5.02,-1.72,1.72,-0.07,2.68,6.74,6.74,6.74
38.57,5.03,-1.67,5.03,-1.67,1.67,-0.07,2.58,6.71,6.71,6.70
38.95,5.05,-1.62,5.05,-1.62,1.63,-0.07,2.49,6.67,6.67,6.67
39.34,5.06,-1.58,5.06,-1.58,1.58,-0.07,2.39,6.64,6.64,6.63
39.74,5.07,-1.53,5.07,-1.53,1.53,-0.07,2.30,6.60,6.60,6.60
40.14,5.08,-1.49,5.08,-1.49,1.49,-0.08,2.20,6.56,6.56,6.57
40.54,5.09,-1.45,5.09,-1.45,1.44,-0.08,2.11,6.53,6.53,6.53
40.94,5.10,-1.40,5.10,-1.40,1.39,-0.08,2.01,6.49,6.49,6.49
41.35,5.11,-1.35,5.11,-1.35,1.35,-0.08,1.92,6.45,6.45,6.45
41.76,5.12,-1.29,5.12,-1.29,1.30,-0.08,1.83,6.42,6.42,6.41
42.18,5.13,-1.25,5.13,-1.25,1.25,-0.09,1.74,6.38,6.38,6.38
42.60,5.14,-1.20,5.14,-1.20,1.20,-0.09,1.65,6.35,6.35,6.34
43.03,5.15,-1.16,5.15,-1.16,1.16,-0.09,1.56,6.31,6.31,6.31
43.46,5.16,-1.11,5.16,-1.11,1.11,-0.09,1.47,6.27,6.27,6.27
43.90,5.16,-1.07,5.16,-1.07,1.07,-0.10,1.38,6.23,6.23,6.23
44.33,5.16,-1.03,5.16,-1.03,1.03,-0.10,1.30,6.18,6.19,6.18
44.78,5.16,-0.99,5.16,-0.99,0.99,-0.10,1.21,6.14,6.14,6.14
45.23,5.16,-0.95,5.16,-0.95,0.94,-0.10,1.13,6.10,6.10,6.10
45.68,5.16,-0.90,5.16,-0.90,0.90,-0.10,1.05,6.06,6.06,6.06
46.13,5.17,-0.86,5.17,-0.86,0.86,-0.11,0.96,6.02,6.02,6.02
46.60,5.17,-0.81,5.17,-0.81,0.81,-0.11,0.88,5.98,5.98,5.98
47.06,5.17,-0.77,5.17,-0.77,0.77,-0.11,0.80,5.94,5.94,5.94
47.53,5.17,-0.73,5.17,-0.73,0.73,-0.12,0.72,5.90,5.90,5.90
48.01,5.17,-0.69,5.17,-0.69,0.69,-0.12,0.65,5.86,5.86,5.86
48.49,5.17,-0.65,5.17,-0.65,0.65,-0.12,0.57,5.82,5.82,5.82
48.97,5.16,-0.61,5.16,-0.61,0.61,-0.12,0.49,5.77,5.77,5.77
49.46,5.16,-0.57,5.16,-0.57,0.57,-0.13,0.42,5.73,5.73,5.73
49.96,5.16,-0.53,5.16,-0.53,0.53,-0.13,0.35,5.69,5.69,5.69
50.46,5.16,-0.49,5.16,-0.49,0.49,-0.13,0.27,5.65,5.65,5.65
50.96,5.16,-0.45,5.16,-0.45,0.44,-0.14,0.20,5.61,5.61,5.61
51.47,5.16,-0.40,5.16,-0.40,0.40,-0.14,0.13,5.56,5.56,5.57
51.99,5.16,-0.36,5.16,-0.36,0.36,-0.15,0.06,5.52,5.52,5.52
52.51,5.16,-0.31,5.16,-0.31,0.32,-0.15,-0.00,5.48,5.48,5.48
53.03,5.16,-0.27,5.16,-0.27,0.27,-0.15,-0.07,5.43,5.43,5.43
53.56,5.16,-0.23,5.16,-0.23,0.23,-0.16,-0.13,5.39,5.39,5.39
54.10,5.16,-0.19,5.16,-0.19,0.19,-0.16,-0.20,5.34,5.34,5.34
54.64,5.15,-0.15,5.15,-0.15,0.15,-0.17,-0.26,5.30,5.30,5.30
55.18,5.14,-0.11,5.14,-0.11,0.11,-0.17,-0.32,5.25,5.25,5.25
55.74,5.13,-0.07,5.13,-0.07,0.07,-0.17,-0.37,5.20,5.20,5.20
56.29,5.12,-0.04,5.12,-0.03,0.03,-0.18,-0.43,5.16,5.16,5.16
56.86,5.12,0.00,5.12,0.00,-0.01,-0.18,-0.48,5.11,5.11,5.11
57.42,5.11,0.04,5.11,0.04,-0.05,-0.19,-0.53,5.07,5.07,5.07
58.00,5.11,0.08,5.11,0.08,-0.08,-0.19,-0.58,5.02,5.02,5.02
58.58,5.10,0.12,5.10,0.12,-0.12,-0.20,-0.63,4.98,4.98,4.98
59.16,5.09,0.16,5.09,0.16,-0.16,-0.21,-0.67,4.93,4.93,4.93
59.76,5.09,0.20,5.09,0.20,-0.20,-0.21,-0.71,4.89,4.89,4.88
60.35,5.08,0.24,5.08,0.24,-0.23,-0.22,-0.75,4.84,4.84,4.84
60.96,5.07,0.27,5.07,0.27,-0.27,-0.22,-0.78,4.80,4.80,4.79
61.57,5.05,0.30,5.05,0.30,-0.30,-0.23,-0.81,4.75,4.75,4.75
62.18,5.04,0.33,5.04,0.33,-0.33,-0.24,-0.84,4.70,4.70,4.71
62.80,5.02,0.36,5.02,0.36,-0.37,-0.24,-0.87,4.66,4.66,4.66
63.43,5.01,0.40,5.01,0.40,-0.40,-0.25,-0.90,4.61,4.61,4.61
64.07,5.00,0.43,5.00,0.43,-0.43,-0.26,-0.92,4.57,4.57,4.57
64.71,4.99,0.47,4.99,0.46,-0.46,-0.26,-0.94,4.52,4.52,4.52
65.35,4.97,0.50,4.97,0.50,-0.50,-0.27,-0.95,4.48,4.48,4.47
66.01,4.96,0.53,4.96,0.53,-0.53,-0.28,-0.97,4.43,4.43,4.43
66.67,4.94,0.56,4.94,0.56,-0.56,-0.29,-0.98,4.38,4.38,4.38
67.33,4.93,0.60,4.93,0.60,-0.60,-0.30,-0.99,4.33,4.33,4.33
68.01,4.91,0.63,4.91,0.63,-0.63,-0.30,-0.99,4.29,4.29,4.28
68.69,4.90,0.66,4.90,0.66,-0.66,-0.31,-1.00,4.24,4.24,4.24
69.37,4.88,0.69,4.88,0.69,-0.69,-0.32,-1.00,4.19,4.19,4.19
70.07,4.86,0.72,4.86,0.72,-0.72,-0.33,-1.01,4.14,4.14,4.14
70.77,4.85,0.75,4.85,0.75,-0.75,-0.34,-1.01,4.09,4.09,4.10
71.48,4.83,0.78,4.83,0.78,-0.78,-0.35,-1.01,4.04,4.04,4.04
72.19,4.81,0.82,4.81,0.81,-0.81,-0.36,-1.01,3.99,4.00,3.99
72.91,4.79,0.85,4.79,0.84,-0.84,-0.38,-1.00,3.95,3.95,3.94
73.64,4.77,0.87,4.77,0.87,-0.87,-0.39,-1.00,3.90,3.90,3.90
74.38,4.75,0.90,4.75,0.90,-0.90,-0.40,-1.00,3.85,3.85,3.85
75.12,4.73,0.93,4.73,0.93,-0.93,-0.41,-0.99,3.80,3.80,3.80
75.87,4.70,0.95,4.70,0.95,-0.95,-0.42,-0.99,3.75,3.75,3.75
76.63,4.68,0.98,4.68,0.98,-0.98,-0.44,-0.99,3.70,3.70,3.70
77.40,4.66,1.01,4.66,1.01,-1.01,-0.45,-0.98,3.65,3.65,3.65
78.17,4.63,1.04,4.63,1.04,-1.04,-0.46,-0.98,3.59,3.59,3.59
78.95,4.61,1.07,4.61,1.07,-1.06,-0.48,-0.97,3.54,3.54,3.54
79.74,4.58,1.09,4.58,1.09,-1.09,-0.49,-0.97,3.49,3.49,3.49
80.54,4.55,1.12,4.55,1.12,-1.12,-0.51,-0.97,3.43,3.43,3.43
81.35,4.53,1.15,4.53,1.15,-1.15,-0.52,-0.97,3.38,3.38,3.38
82.16,4.50,1.17,4.50,1.18,-1.18,-0.54,-0.96,3.32,3.32,3.33
82.98,4.48,1.21,4.48,1.21,-1.21,-0.56,-0.96,3.27,3.27,3.27
83.81,4.45,1.24,4.45,1.24,-1.24,-0.57,-0.96,3.21,3.21,3.21
84.65,4.43,1.27,4.43,1.27,-1.27,-0.59,-0.96,3.16,3.16,3.16
85.50,4.40,1.29,4.40,1.30,-1.30,-0.61,-0.96,3.10,3.10,3.10
86.35,4.37,1.33,4.37,1.32,-1.32,-0.63,-0.96,3.05,3.05,3.05
87.22,4.34,1.35,4.34,1.35,-1.35,-0.65,-0.97,3.00,3.00,2.99
88.09,4.32,1.37,4.31,1.37,-1.37,-0.67,-0.97,2.94,2.94,2.95
88.97,4.29,1.39,4.29,1.39,-1.39,-0.69,-0.97,2.89,2.89,2.90
89.86,4.26,1.41,4.26,1.41,-1.41,-0.71,-0.98,2.85,2.85,2.85
90.76,4.23,1.42,4.23,1.42,-1.42,-0.73,-0.98,2.80,2.80,2.81
91.66,4.20,1.43,4.20,1.43,-1.43,-0.75,-0.99,2.77,2.77,2.77
92.58,4.17,1.43,4.17,1.44,-1.44,-0.77,-1.00,2.73,2.73,2.74
93.51,4.14,1.44,4.14,1.44,-1.44,-0.79,-1.00,2.71,2.71,2.70
94.44,4.11,1.43,4.11,1.44,-1.42,-0.81,-1.01,2.69,2.69,2.68
95.39,4.08,1.42,4.08,1.42,-1.41,-0.83,-1.02,2.67,2.67,2.66
96.34,4.04,1.40,4.04,1.39,-1.38,-0.85,-1.03,2.67,2.67,2.65
97.30,4.01,1.34,4.01,1.35,-1.35,-0.87,-1.04,2.66,2.66,2.66
98.28,3.97,1.31,3.97,1.31,-1.31,-0.90,-1.05,2.66,2.66,2.66
99.26,3.94,1.27,3.94,1.26,-1.27,-0.92,-1.07,2.67,2.67,2.67
100.25,3.90,1.22,3.91,1.22,-1.23,-0.94,-1.08,2.67,2.67,2.69
101.25,3.88,1.18,3.88,1.18,-1.19,-0.96,-1.09,2.68,2.68,2.70
102.27,3.85,1.15,3.85,1.15,-1.16,-0.98,-1.10,2.69,2.68,2.69
103.29,3.82,1.13,3.82,1.13,-1.13,-1.00,-1.12,2.68,2.68,2.69
104.32,3.79,1.12,3.79,1.11,-1.11,-1.01,-1.13,2.68,2.68,2.67
105.37,3.76,1.10,3.76,1.10,-1.09,-1.03,-1.15,2.67,2.67,2.66
106.42,3.73,1.08,3.73,1.08,-1.08,-1.05,-1.16,2.65,2.65,2.65
107.48,3.70,1.07,3.70,1.07,-1.07,-1.06,-1.17,2.63,2.63,2.63
108.56,3.66,1.06,3.66,1.06,-1.06,-1.08,-1.19,2.60,2.60,2.60
109.64,3.62,1.05,3.62,1.05,-1.05,-1.09,-1.20,2.57,2.57,2.57
110.74,3.59,1.04,3.59,1.04,-1.04,-1.10,-1.21,2.54,2.54,2.55
111.85,3.55,1.04,3.55,1.04,-1.04,-1.11,-1.22,2.51,2.51,2.51
112.97,3.51,1.04,3.51,1.04,-1.03,-1.12,-1.23,2.48,2.48,2.48
114.10,3.48,1.03,3.48,1.03,-1.03,-1.13,-1.25,2.45,2.45,2.44
115.24,3.45,1.03,3.45,1.03,-1.03,-1.13,-1.25,2.42,2.42,2.41
116.39,3.41,1.02,3.41,1.03,-1.02,-1.14,-1.26,2.39,2.39,2.39
117.55,3.38,1.02,3.38,1.02,-1.02,-1.14,-1.27,2.36,2.36,2.35
118.73,3.34,1.02,3.34,1.01,-1.02,-1.14,-1.28,2.33,2.33,2.32
119.92,3.31,1.00,3.31,1.01,-1.02,-1.14,-1.28,2.29,2.29,2.31
121.12,3.27,1.00,3.27,1.01,-1.02,-1.13,-1.28,2.25,2.25,2.27
122.33,3.23,1.03,3.23,1.02,-1.02,-1.13,-1.28,2.21,2.21,2.21
123.55,3.19,1.03,3.19,1.03,-1.03,-1.12,-1.28,2.17,2.17,2.16
124.79,3.16,1.03,3.16,1.04,-1.03,-1.11,-1.28,2.13,2.13,2.12
126.03,3.12,1.04,3.12,1.04,-1.03,-1.11,-1.28,2.09,2.09,2.08
127.29,3.08,1.04,3.08,1.04,-1.04,-1.09,-1.27,2.04,2.04,2.04
128.57,3.04,1.04,3.04,1.04,-1.04,-1.08,-1.27,2.01,2.01,2.00
129.85,3.01,1.04,3.01,1.04,-1.04,-1.07,-1.26,1.97,1.97,1.97
131.15,2.97,1.03,2.97,1.03,-1.04,-1.06,-1.25,1.93,1.93,1.94
132.46,2.93,1.03,2.93,1.03,-1.04,-1.04,-1.24,1.90,1.90,1.90
133.79,2.90,1.03,2.90,1.03,-1.03,-1.03,-1.22,1.86,1.86,1.86
135.12,2.86,1.03,2.86,1.03,-1.03,-1.01,-1.21,1.83,1.83,1.83
136.48,2.82,1.03,2.82,1.03,-1.03,-0.99,-1.19,1.79,1.79,1.79
137.84,2.79,1.03,2.79,1.03,-1.03,-0.98,-1.18,1.76,1.76,1.76
139.22,2.75,1.03,2.75,1.03,-1.03,-0.96,-1.16,1.72,1.72,1.72
140.61,2.71,1.02,2.71,1.02,-1.02,-0.94,-1.14,1.69,1.69,1.69
142.02,2.67,1.02,2.67,1.02,-1.02,-0.93,-1.12,1.65,1.65,1.65
143.44,2.63,1.02,2.63,1.02,-1.02,-0.91,-1.10,1.62,1.62,1.62
144.87,2.60,1.01,2.60,1.01,-1.01,-0.89,-1.08,1.59,1.59,1.59
146.32,2.56,1.01,2.56,1.01,-1.00,-0.88,-1.06,1.55,1.55,1.55
147.78,2.52,1.00,2.52,1.00,-1.00,-0.86,-1.04,1.52,1.52,1.52
149.26,2.48,0.99,2.48,0.99,-0.99,-0.85,-1.02,1.49,1.49,1.49
150.75,2.44,0.98,2.44,0.98,-0.98,-0.83,-1.00,1.46,1.46,1.46
152.26,2.40,0.97,2.40,0.97,-0.98,-0.82,-0.98,1.42,1.42,1.43
153.78,2.36,0.96,2.36,0.96,-0.97,-0.80,-0.96,1.39,1.39,1.40
155.32,2.32,0.96,2.32,0.96,-0.96,-0.79,-0.93,1.36,1.36,1.36
156.88,2.28,0.96,2.28,0.96,-0.96,-0.78,-0.91,1.32,1.32,1.32
158.44,2.24,0.96,2.24,0.95,-0.95,-0.77,-0.89,1.29,1.29,1.29
160.03,2.20,0.94,2.20,0.94,-0.94,-0.76,-0.87,1.26,1.26,1.26
161.63,2.17,0.93,2.17,0.93,-0.93,-0.75,-0.85,1.23,1.23,1.23
163.24,2.13,0.93,2.13,0.93,-0.93,-0.74,-0.83,1.20,1.20,1.20
164.88,2.09,0.92,2.09,0.92,-0.92,-0.73,-0.81,1.17,1.17,1.17
166.53,2.05,0.91,2.05,0.91,-0.91,-0.72,-0.79,1.14,1.14,1.14
168.19,2.01,0.90,2.01,0.90,-0.90,-0.71,-0.78,1.11,1.11,1.11
169.87,1.97,0.89,1.97,0.89,-0.89,-0.70,-0.76,1.08,1.08,1.08
171.57,1.93,0.88,1.93,0.88,-0.88,-0.69,-0.74,1.05,1.05,1.05
173.29,1.89,0.88,1.89,0.88,-0.88,-0.68,-0.72,1.02,1.02,1.02
175.02,1.85,0.87,1.85,0.87,-0.87,-0.67,-0.71,0.99,0.99,0.99
176.77,1.81,0.86,1.81,0.86,-0.86,-0.66,-0.69,0.96,0.96,0.95
178.54,1.78,0.85,1.78,0.85,-0.85,-0.65,-0.68,0.93,0.93,0.93
180.32,1.74,0.84,1.74,0.84,-0.84,-0.64,-0.66,0.90,0.90,0.90
182.13,1.70,0.83,1.70,0.83,-0.83,-0.63,-0.65,0.87,0.87,0.87
183.95,1.66,0.81,1.66,0.81,-0.81,-0.61,-0.63,0.84,0.84,0.84
185.79,1.62,0.80,1.62,0.80,-0.80,-0.60,-0.62,0.82,0.82,0.82
187.65,1.58,0.78,1.58,0.78,-0.78,-0.58,-0.61,0.80,0.80,0.80
189.52,1.54,0.76,1.54,0.76,-0.75,-0.56,-0.60,0.79,0.79,0.78
191.42,1.50,0.73,1.50,0.73,-0.73,-0.55,-0.58,0.77,0.77,0.77
193.33,1.46,0.70,1.46,0.70,-0.70,-0.53,-0.57,0.77,0.77,0.76
195.27,1.42,0.67,1.42,0.66,-0.66,-0.51,-0.56,0.76,0.76,0.75
197.22,1.38,0.62,1.38,0.62,-0.63,-0.49,-0.55,0.76,0.76,0.76
199.19,1.34,0.58,1.34,0.58,-0.59,-0.47,-0.54,0.75,0.75,0.76
201.18,1.31,0.55,1.31,0.55,-0.55,-0.45,-0.53,0.75,0.75,0.76
203.19,1.27,0.51,1.27,0.52,-0.52,-0.43,-0.53,0.75,0.75,0.75
205.23,1.23,0.49,1.23,0.49,-0.49,-0.42,-0.52,0.74,0.74,0.74
207.28,1.19,0.46,1.19,0.46,-0.46,-0.40,-0.51,0.73,0.72,0.73
209.35,1.15,0.44,1.15,0.44,-0.44,-0.38,-0.50,0.71,0.71,0.71
211.44,1.11,0.42,1.11,0.42,-0.42,-0.36,-0.49,0.69,0.69,0.69
213.56,1.07,0.41,1.07,0.41,-0.41,-0.35,-0.49,0.66,0.66,0.66
215.69,1.03,0.39,1.03,0.39,-0.39,-0.33,-0.48,0.64,0.64,0.64
217.85,0.99,0.38,0.99,0.38,-0.38,-0.32,-0.47,0.61,0.61,0.61
220.03,0.95,0.36,0.95,0.36,-0.36,-0.30,-0.46,0.59,0.59,0.59
222.23,0.91,0.35,0.91,0.35,-0.35,-0.29,-0.46,0.56,0.56,0.56
224.45,0.87,0.33,0.87,0.33,-0.33,-0.27,-0.45,0.54,0.54,0.54
226.70,0.83,0.31,0.83,0.31,-0.31,-0.26,-0.44,0.52,0.52,0.51
228.96,0.78,0.29,0.78,0.29,-0.28,-0.25,-0.44,0.50,0.50,0.49
231.25,0.74,0.26,0.74,0.26,-0.26,-0.23,-0.43,0.48,0.48,0.48
233.57,0.70,0.23,0.70,0.23,-0.23,-0.22,-0.42,0.47,0.47,0.47
235.90,0.66,0.19,0.66,0.20,-0.20,-0.21,-0.42,0.46,0.46,0.47
238.26,0.62,0.17,0.62,0.17,-0.17,-0.20,-0.41,0.45,0.45,0.45
240.64,0.58,0.15,0.58,0.15,-0.14,-0.19,-0.40,0.44,0.44,0.43
243.05,0.54,0.12,0.54,0.12,-0.12,-0.18,-0.40,0.42,0.42,0.42
245.48,0.51,0.10,0.51,0.10,-0.10,-0.17,-0.39,0.41,0.41,0.41
247.93,0.47,0.08,0.47,0.08,-0.09,-0.16,-0.38,0.39,0.39,0.39
250.41,0.45,0.08,0.45,0.08,-0.08,-0.15,-0.37,0.36,0.36,0.37
252.92,0.43,0.08,0.43,0.08,-0.09,-0.14,-0.36,0.34,0.34,0.35
255.45,0.41,0.09,0.41,0.09,-0.09,-0.13,-0.36,0.32,0.32,0.33
258.00,0.41,0.10,0.41,0.10,-0.11,-0.12,-0.35,0.30,0.30,0.31
260.58,0.41,0.13,0.41,0.12,-0.13,-0.11,-0.34,0.28,0.28,0.28
263.19,0.41,0.15,0.41,0.15,-0.15,-0.10,-0.33,0.26,0.26,0.26
265.82,0.42,0.18,0.42,0.18,-0.17,-0.09,-0.32,0.24,0.24,0.24
268.48,0.42,0.20,0.42,0.20,-0.19,-0.08,-0.31,0.23,0.23,0.22
271.16,0.42,0.21,0.42,0.21,-0.20,-0.07,-0.30,0.22,0.22,0.21
273.87,0.41,0.22,0.41,0.22,-0.21,-0.07,-0.29,0.20,0.20,0.20
276.61,0.40,0.22,0.40,0.22,-0.21,-0.06,-0.28,0.19,0.19,0.19
279.38,0.39,0.21,0.39,0.21,-0.21,-0.05,-0.27,0.17,0.17,0.17
282.17,0.36,0.20,0.36,0.20,-0.20,-0.04,-0.26,0.16,0.16,0.16
284.99,0.34,0.19,0.34,0.19,-0.19,-0.03,-0.25,0.15,0.15,0.15
287.84,0.31,0.18,0.31,0.18,-0.18,-0.03,-0.24,0.13,0.13,0.13
290.72,0.28,0.17,0.28,0.16,-0.17,-0.02,-0.22,0.12,0.12,0.12
293.63,0.25,0.15,0.25,0.15,-0.15,-0.01,-0.21,0.10,0.10,0.10
296.57,0.22,0.13,0.22,0.14,-0.14,-0.00,-0.20,0.09,0.09,0.09
299.53,0.19,0.12,0.19,0.12,-0.12,0.01,-0.19,0.07,0.07,0.07
302.53,0.16,0.10,0.16,0.10,-0.11,0.01,-0.18,0.05,0.05,0.06
305.55,0.13,0.09,0.13,0.09,-0.09,0.02,-0.17,0.04,0.04,0.04
308.61,0.10,0.08,0.10,0.08,-0.08,0.03,-0.16,0.02,0.02,0.02
311.69,0.07,0.06,0.07,0.06,-0.06,0.04,-0.14,0.01,0.01,0.01
314.81,0.04,0.05,0.04,0.05,-0.05,0.05,-0.13,-0.01,-0.01,-0.01
317.96,0.01,0.04,0.01,0.04,-0.04,0.05,-0.12,-0.02,-0.02,-0.02
321.14,-0.02,0.02,-0.02,0.02,-0.02,0.06,-0.11,-0.04,-0.04,-0.04
324.35,-0.05,0.01,-0.05,0.01,-0.01,0.07,-0.10,-0.05,-0.05,-0.05
327.59,-0.07,-0.01,-0.07,-0.00,0.00,0.08,-0.09,-0.07,-0.07,-0.07
330.87,-0.10,-0.02,-0.10,-0.02,0.02,0.09,-0.07,-0.08,-0.08,-0.08
334.18,-0.13,-0.03,-0.13,-0.03,0.03,0.10,-0.06,-0.10,-0.10,-0.10
337.52,-0.16,-0.04,-0.16,-0.04,0.04,0.11,-0.05,-0.11,-0.11,-0.11
340.90,-0.18,-0.06,-0.18,-0.05,0.05,0.12,-0.04,-0.13,-0.13,-0.13
344.30,-0.21,-0.07,-0.21,-0.07,0.07,0.12,-0.03,-0.14,-0.14,-0.14
347.75,-0.24,-0.08,-0.24,-0.08,0.08,0.13,-0.02,-0.16,-0.16,-0.16
351.23,-0.26,-0.09,-0.26,-0.09,0.09,0.14,-0.00,-0.17,-0.17,-0.17
354.74,-0.29,-0.10,-0.29,-0.10,0.10,0.15,0.01,-0.19,-0.19,-0.19
358.28,-0.31,-0.11,-0.31,-0.11,0.11,0.16,0.02,-0.20,-0.20,-0.20
361.87,-0.33,-0.12,-0.33,-0.12,0.12,0.17,0.03,-0.21,-0.21,-0.21
365.49,-0.36,-0.13,-0.36,-0.13,0.13,0.18,0.04,-0.23,-0.23,-0.23
369.14,-0.38,-0.14,-0.38,-0.14,0.14,0.19,0.06,-0.24,-0.24,-0.24
372.83,-0.41,-0.15,-0.41,-0.15,0.15,0.20,0.07,-0.26,-0.26,-0.26
376.56,-0.43,-0.16,-0.43,-0.16,0.16,0.21,0.08,-0.27,-0.27,-0.27
380.33,-0.45,-0.17,-0.45,-0.17,0.17,0.22,0.09,-0.28,-0.28,-0.28
384.13,-0.47,-0.18,-0.47,-0.18,0.18,0.23,0.10,-0.30,-0.30,-0.30
387.97,-0.49,-0.19,-0.49,-0.19,0.18,0.24,0.12,-0.31,-0.31,-0.31
391.85,-0.52,-0.19,-0.52,-0.19,0.19,0.25,0.13,-0.32,-0.32,-0.32
395.77,-0.54,-0.20,-0.54,-0.20,0.20,0.26,0.14,-0.33,-0.34,-0.34
399.73,-0.56,-0.21,-0.56,-0.21,0.21,0.27,0.15,-0.35,-0.35,-0.35
403.72,-0.58,-0.22,-0.58,-0.22,0.22,0.28,0.16,-0.36,-0.36,-0.36
407.76,-0.60,-0.22,-0.60,-0.22,0.22,0.29,0.18,-0.37,-0.37,-0.37
411.84,-0.62,-0.23,-0.62,-0.23,0.23,0.30,0.19,-0.39,-0.39,-0.39
415.96,-0.64,-0.24,-0.64,-0.24,0.24,0.30,0.20,-0.40,-0.40,-0.40
420.12,-0.65,-0.24,-0.65,-0.24,0.24,0.31,0.21,-0.41,-0.41,-0.41
424.32,-0.67,-0.25,-0.67,-0.25,0.25,0.32,0.22,-0.42,-0.42,-0.43
428.56,-0.69,-0.25,-0.69,-0.25,0.25,0.33,0.23,-0.44,-0.44,-0.44
432.85,-0.71,-0.26,-0.71,-0.26,0.26,0.33,0.24,-0.45,-0.45,-0.45
437.18,-0.73,-0.27,-0.73,-0.26,0.26,0.34,0.25,-0.46,-0.46,-0.46
441.55,-0.74,-0.27,-0.74,-0.27,0.27,0.35,0.26,-0.47,-0.47,-0.47
445.96,-0.76,-0.27,-0.76,-0.27,0.27,0.35,0.27,-0.49,-0.49,-0.48
450.42,-0.77,-0.28,-0.77,-0.28,0.28,0.36,0.28,-0.50,-0.50,-0.50
454.93,-0.79,-0.28,-0.79,-0.28,0.28,0.36,0.29,-0.51,-0.51,-0.51
459.48,-0.80,-0.28,-0.80,-0.28,0.28,0.36,0.30,-0.52,-0.52,-0.52
464.07,-0.82,-0.29,-0.82,-0.29,0.29,0.36,0.30,-0.53,-0.53,-0.53
468.71,-0.84,-0.29,-0.84,-0.29,0.29,0.36,0.31,-0.54,-0.54,-0.54
473.40,-0.85,-0.30,-0.85,-0.29,0.29,0.37,0.32,-0.56,-0.56,-0.56
478.13,-0.87,-0.30,-0.87,-0.30,0.30,0.37,0.32,-0.57,-0.57,-0.57
482.91,-0.88,-0.30,-0.88,-0.30,0.30,0.36,0.33,-0.58,-0.58,-0.58
487.74,-0.89,-0.30,-0.89,-0.30,0.30,0.36,0.33,-0.59,-0.59,-0.59
492.62,-0.91,-0.31,-0.91,-0.31,0.31,0.36,0.33,-0.60,-0.60,-0.60
497.55,-0.92,-0.31,-0.92,-0.31,0.31,0.36,0.33,-0.61,-0.61,-0.61
502.52,-0.93,-0.31,-0.93,-0.31,0.31,0.35,0.34,-0.62,-0.62,-0.62
507.55,-0.94,-0.31,-0.94,-0.31,0.31,0.35,0.34,-0.64,-0.64,-0.63
512.62,-0.95,-0.30,-0.95,-0.31,0.31,0.34,0.34,-0.65,-0.65,-0.65
517.75,-0.96,-0.30,-0.96,-0.30,0.30,0.34,0.34,-0.66,-0.66,-0.66
522.93,-0.97,-0.30,-0.97,-0.30,0.30,0.33,0.33,-0.67,-0.67,-0.67
528.16,-0.98,-0.30,-0.98,-0.30,0.30,0.33,0.33,-0.68,-0.68,-0.68
533.44,-0.99,-0.30,-0.99,-0.30,0.29,0.32,0.33,-0.69,-0.69,-0.69
538.77,-0.99,-0.29,-0.99,-0.29,0.29,0.31,0.33,-0.70,-0.70,-0.70
544.16,-1.00,-0.29,-1.00,-0.29,0.29,0.31,0.32,-0.71,-0.71,-0.71
549.60,-1.01,-0.28,-1.01,-0.28,0.28,0.30,0.32,-0.72,-0.72,-0.73
555.10,-1.02,-0.28,-1.02,-0.28,0.28,0.29,0.31,-0.73,-0.73,-0.74
560.65,-1.02,-0.28,-1.02,-0.28,0.28,0.28,0.31,-0.74,-0.74,-0.75
566.25,-1.03,-0.27,-1.03,-0.27,0.27,0.28,0.30,-0.75,-0.75,-0.75
571.92,-1.03,-0.27,-1.03,-0.27,0.27,0.27,0.29,-0.76,-0.76,-0.76
577.64,-1.04,-0.26,-1.04,-0.27,0.26,0.26,0.29,-0.77,-0.77,-0.77
583.41,-1.04,-0.26,-1.04,-0.26,0.26,0.25,0.28,-0.78,-0.78,-0.78
589.25,-1.05,-0.26,-1.05,-0.25,0.25,0.24,0.27,-0.79,-0.79,-0.79
595.14,-1.05,-0.25,-1.05,-0.25,0.25,0.24,0.27,-0.80,-0.80,-0.80
601.09,-1.06,-0.24,-1.06,-0.24,0.24,0.23,0.26,-0.81,-0.81,-0.82
607.10,-1.06,-0.23,-1.06,-0.23,0.23,0.22,0.25,-0.82,-0.82,-0.82
613.17,-1.06,-0.22,-1.06,-0.22,0.22,0.21,0.24,-0.83,-0.83,-0.83
619.30,-1.06,-0.21,-1.06,-0.22,0.21,0.21,0.23,-0.84,-0.84,-0.84
625.50,-1.06,-0.20,-1.06,-0.20,0.20,0.20,0.23,-0.85,-0.85,-0.85
631.75,-1.05,-0.19,-1.05,-0.19,0.19,0.19,0.22,-0.86,-0.86,-0.86
638.07,-1.05,-0.18,-1.05,-0.18,0.18,0.18,0.21,-0.87,-0.87,-0.87
644.45,-1.04,-0.17,-1.04,-0.17,0.17,0.18,0.20,-0.88,-0.88,-0.88
650.89,-1.04,-0.15,-1.04,-0.15,0.15,0.17,0.19,-0.89,-0.89,-0.89
657.40,-1.03,-0.14,-1.03,-0.14,0.13,0.16,0.19,-0.90,-0.90,-0.89
663.98,-1.02,-0.12,-1.02,-0.12,0.12,0.16,0.18,-0.90,-0.90,-0.90
670.62,-1.01,-0.10,-1.01,-0.10,0.10,0.15,0.17,-0.91,-0.91,-0.91
677.32,-0.99,-0.08,-0.99,-0.08,0.08,0.15,0.16,-0.91,-0.91,-0.92
684.10,-0.98,-0.06,-0.98,-0.06,0.06,0.14,0.15,-0.92,-0.92,-0.92
690.94,-0.96,-0.04,-0.96,-0.04,0.04,0.13,0.15,-0.92,-0.92,-0.92
697.85,-0.95,-0.02,-0.95,-0.02,0.02,0.13,0.14,-0.93,-0.93,-0.92
704.83,-0.93,-0.01,-0.93,-0.00,-0.00,0.12,0.13,-0.93,-0.93,-0.92
711.87,-0.92,0.01,-0.91,0.01,-0.02,0.12,0.13,-0.93,-0.93,-0.93
718.99,-0.90,0.03,-0.91,0.03,-0.03,0.11,0.12,-0.93,-0.93,-0.93
726.18,-0.90,0.04,-0.90,0.04,-0.03,0.11,0.11,-0.93,-0.93,-0.94
733.44,-0.91,0.04,-0.91,0.04,-0.03,0.10,0.10,-0.93,-0.93,-0.94
740.78,-0.92,0.02,-0.92,0.02,-0.01,0.10,0.10,-0.93,-0.93,-0.95
748.19,-0.95,0.00,-0.95,0.00,0.01,0.09,0.09,-0.93,-0.94,-0.95
755.67,-0.98,-0.03,-0.98,-0.03,0.04,0.09,0.08,-0.94,-0.94,-0.95
763.23,-1.02,-0.07,-1.02,-0.07,0.08,0.08,0.08,-0.94,-0.94,-0.95
770.86,-1.07,-0.12,-1.07,-0.12,0.12,0.08,0.07,-0.95,-0.95,-0.95
778.57,-1.11,-0.17,-1.11,-0.17,0.16,0.07,0.07,-0.95,-0.95,-0.94
786.35,-1.15,-0.21,-1.15,-0.21,0.20,0.07,0.06,-0.95,-0.95,-0.94
794.22,-1.18,-0.24,-1.18,-0.24,0.23,0.06,0.05,-0.95,-0.95,-0.93
802.16,-1.19,-0.27,-1.19,-0.27,0.26,0.06,0.05,-0.94,-0.94,-0.93
810.18,-1.20,-0.28,-1.20,-0.28,0.27,0.06,0.04,-0.93,-0.93,-0.92
818.28,-1.19,-0.28,-1.19,-0.28,0.28,0.05,0.04,-0.91,-0.91,-0.91
826.46,-1.17,-0.27,-1.17,-0.27,0.27,0.05,0.03,-0.89,-0.89,-0.89
834.73,-1.14,-0.26,-1.14,-0.26,0.26,0.04,0.03,-0.88,-0.88,-0.88
843.08,-1.11,-0.25,-1.11,-0.25,0.25,0.04,0.02,-0.86,-0.86,-0.86
851.51,-1.07,-0.23,-1.07,-0.23,0.23,0.03,0.02,-0.84,-0.84,-0.84
860.02,-1.03,-0.21,-1.03,-0.21,0.21,0.03,0.01,-0.82,-0.82,-0.82
868.62,-0.99,-0.19,-0.99,-0.19,0.19,0.02,0.01,-0.80,-0.80,-0.80
877.31,-0.94,-0.16,-0.94,-0.17,0.17,0.02,0.00,-0.77,-0.77,-0.78
886.08,-0.89,-0.14,-0.89,-0.14,0.15,0.01,-0.00,-0.75,-0.75,-0.75
894.94,-0.84,-0.12,-0.84,-0.12,0.12,0.00,-0.01,-0.71,-0.71,-0.72
903.89,-0.78,-0.10,-0.78,-0.10,0.10,-0.00,-0.01,-0.68,-0.68,-0.68
912.93,-0.72,-0.08,-0.72,-0.08,0.08,-0.01,-0.02,-0.64,-0.64,-0.64
922.06,-0.66,-0.06,-0.66,-0.06,0.06,-0.02,-0.02,-0.60,-0.60,-0.60
931.28,-0.60,-0.04,-0.60,-0.04,0.04,-0.02,-0.02,-0.55,-0.55,-0.55
940.59,-0.53,-0.02,-0.53,-0.02,0.02,-0.03,-0.03,-0.51,-0.51,-0.51
950.00,-0.45,-0.00,-0.45,-0.00,0.00,-0.04,-0.03,-0.45,-0.45,-0.45
959.50,-0.38,0.02,-0.38,0.02,-0.02,-0.05,-0.03,-0.40,-0.40,-0.40
969.09,-0.29,0.04,-0.29,0.04,-0.04,-0.06,-0.03,-0.34,-0.34,-0.34
978.78,-0.21,0.06,-0.21,0.06,-0.06,-0.08,-0.04,-0.27,-0.27,-0.27
988.57,-0.11,0.09,-0.11,0.09,-0.09,-0.09,-0.04,-0.20,-0.20,-0.20
998.46,-0.02,0.11,-0.02,0.11,-0.11,-0.10,-0.04,-0.13,-0.13,-0.13
1008.44,0.09,0.14,0.09,0.14,-0.14,-0.12,-0.04,-0.05,-0.05,-0.05
1018.53,0.20,0.16,0.20,0.17,-0.17,-0.14,-0.04,0.03,0.03,0.03
1028.71,0.31,0.19,0.31,0.19,-0.19,-0.16,-0.04,0.11,0.11,0.11
1039.00,0.42,0.22,0.42,0.22,-0.22,-0.18,-0.05,0.20,0.20,0.20
1049.39,0.54,0.25,0.54,0.25,-0.24,-0.20,-0.05,0.29,0.29,0.29
1059.88,0.65,0.27,0.65,0.27,-0.27,-0.22,-0.05,0.39,0.39,0.39
1070.48,0.77,0.29,0.77,0.29,-0.28,-0.24,-0.05,0.49,0.49,0.49
1081.19,0.89,0.30,0.89,0.30,-0.30,-0.26,-0.05,0.59,0.59,0.59
1092.00,1.00,0.31,1.00,0.31,-0.31,-0.28,-0.05,0.69,0.69,0.69
1102.92,1.10,0.31,1.10,0.31,-0.31,-0.29,-0.05,0.79,0.79,0.79
1113.95,1.21,0.31,1.21,0.31,-0.31,-0.30,-0.05,0.90,0.90,0.90
1125.09,1.31,0.31,1.31,0.31,-0.31,-0.29,-0.05,1.00,1.00,1.00
1136.34,1.41,0.30,1.41,0.30,-0.30,-0.29,-0.05,1.11,1.11,1.11
1147.70,1.50,0.29,1.50,0.29,-0.29,-0.27,-0.04,1.22,1.22,1.22
1159.18,1.59,0.27,1.59,0.27,-0.27,-0.26,-0.04,1.32,1.32,1.32
1170.77,1.68,0.25,1.68,0.25,-0.25,-0.24,-0.04,1.43,1.43,1.43
1182.48,1.77,0.24,1.77,0.23,-0.23,-0.22,-0.04,1.53,1.53,1.53
1194.30,1.85,0.21,1.85,0.21,-0.21,-0.20,-0.04,1.64,1.64,1.64
1206.25,1.93,0.19,1.93,0.19,-0.19,-0.18,-0.04,1.74,1.74,1.74
1218.31,2.01,0.17,2.01,0.17,-0.17,-0.17,-0.04,1.84,1.84,1.84
1230.49,2.09,0.15,2.09,0.15,-0.15,-0.15,-0.04,1.94,1.94,1.94
1242.80,2.17,0.13,2.17,0.13,-0.13,-0.14,-0.04,2.04,2.04,2.04
1255.22,2.25,0.11,2.25,0.11,-0.11,-0.12,-0.03,2.13,2.13,2.13
1267.78,2.32,0.09,2.32,0.10,-0.10,-0.11,-0.03,2.23,2.23,2.23
1280.45,2.40,0.08,2.40,0.08,-0.08,-0.10,-0.03,2.32,2.32,2.32
1293.26,2.47,0.07,2.47,0.07,-0.06,-0.10,-0.03,2.40,2.40,2.40
1306.19,2.54,0.05,2.54,0.05,-0.05,-0.09,-0.03,2.49,2.49,2.49
1319.25,2.61,0.04,2.61,0.04,-0.04,-0.08,-0.03,2.57,2.57,2.58
1332.45,2.68,0.03,2.68,0.03,-0.03,-0.08,-0.03,2.66,2.66,2.66
1345.77,2.76,0.02,2.76,0.02,-0.02,-0.07,-0.03,2.73,2.73,2.74
1359.23,2.83,0.01,2.83,0.01,-0.01,-0.07,-0.02,2.81,2.81,2.81
1372.82,2.89,0.01,2.89,0.01,-0.01,-0.06,-0.02,2.89,2.89,2.89
1386.55,2.96,0.00,2.96,0.00,-0.00,-0.06,-0.02,2.96,2.96,2.96
1400.41,3.03,0.00,3.03,-0.00,0.00,-0.06,-0.02,3.03,3.03,3.03
1414.42,3.10,-0.00,3.10,-0.00,0.00,-0.05,-0.02,3.10,3.10,3.10
1428.56,3.17,-0.01,3.17,-0.01,0.01,-0.05,-0.02,3.17,3.17,3.18
1442.85,3.24,-0.01,3.24,-0.01,0.01,-0.05,-0.02,3.24,3.24,3.24
1457.28,3.31,-0.01,3.31,-0.01,0.01,-0.05,-0.02,3.31,3.31,3.31
1471.85,3.38,-0.01,3.38,-0.01,0.01,-0.05,-0.01,3.38,3.38,3.38
1486.57,3.44,-0.00,3.44,-0.00,0.00,-0.04,-0.01,3.45,3.45,3.45
1501.43,3.51,-0.00,3.51,-0.00,0.00,-0.04,-0.01,3.52,3.52,3.52
1516.45,3.58,0.00,3.58,0.00,-0.00,-0.04,-0.01,3.58,3.58,3.58
1531.61,3.65,0.00,3.65,0.00,-0.00,-0.04,-0.01,3.65,3.65,3.65
1546.93,3.73,0.01,3.73,0.01,-0.01,-0.04,-0.01,3.72,3.72,3.72
1562.40,3.80,0.01,3.80,0.01,-0.01,-0.04,-0.01,3.79,3.79,3.79
1578.02,3.87,0.01,3.87,0.01,-0.01,-0.04,-0.01,3.86,3.86,3.86
1593.80,3.94,0.02,3.94,0.02,-0.02,-0.04,-0.01,3.93,3.93,3.93
1609.74,4.02,0.02,4.02,0.02,-0.02,-0.04,-0.01,4.00,4.00,4.00
1625.84,4.09,0.02,4.09,0.02,-0.02,-0.04,-0.00,4.07,4.07,4.07
1642.10,4.17,0.03,4.17,0.03,-0.03,-0.04,-0.00,4.14,4.14,4.14
1658.52,4.24,0.03,4.24,0.03,-0.03,-0.04,-0.00,4.21,4.21,4.21
1675.10,4.32,0.03,4.32,0.03,-0.03,-0.03,-0.00,4.29,4.29,4.29
1691.85,4.40,0.03,4.40,0.03,-0.03,-0.03,-0.00,4.37,4.37,4.37
1708.77,4.48,0.04,4.48,0.04,-0.04,-0.03,-0.00,4.44,4.44,4.44
1725.86,4.56,0.04,4.56,0.04,-0.04,-0.03,-0.00,4.52,4.52,4.52
1743.12,4.64,0.04,4.64,0.04,-0.04,-0.03,-0.00,4.60,4.60,4.60
1760.55,4.73,0.04,4.73,0.04,-0.04,-0.03,-0.00,4.69,4.69,4.69
1778.15,4.81,0.04,4.81,0.04,-0.04,-0.03,-0.00,4.77,4.77,4.77
1795.94,4.90,0.04,4.90,0.04,-0.04,-0.03,0.00,4.86,4.86,4.86
1813.90,4.98,0.04,4.98,0.04,-0.04,-0.02,0.00,4.95,4.95,4.95
1832.03,5.07,0.04,5.07,0.04,-0.04,-0.02,0.00,5.04,5.04,5.04
1850.36,5.16,0.03,5.16,0.03,-0.03,-0.02,0.00,5.13,5.13,5.13
1868.86,5.25,0.03,5.25,0.03,-0.03,-0.02,-0.00,5.22,5.22,5.22
1887.55,5.35,0.03,5.35,0.03,-0.03,-0.02,-0.00,5.32,5.32,5.32
1906.42,5.44,0.03,5.44,0.02,-0.02,-0.01,-0.00,5.42,5.42,5.41
1925.49,5.53,0.02,5.53,0.02,-0.02,-0.01,-0.00,5.51,5.51,5.51
1944.74,5.63,0.01,5.63,0.02,-0.01,-0.00,-0.00,5.62,5.62,5.61
1964.19,5.73,0.01,5.73,0.01,-0.01,-0.00,-0.00,5.72,5.72,5.72
1983.83,5.83,0.00,5.83,0.00,-0.00,0.00,-0.00,5.82,5.82,5.82
2003.67,5.93,-0.00,5.93,-0.00,0.00,0.01,-0.00,5.93,5.93,5.93
2023.71,6.03,-0.01,6.03,-0.01,0.01,0.01,-0.01,6.03,6.03,6.03
2043.94,6.13,-0.01,6.13,-0.01,0.01,0.02,-0.01,6.14,6.14,6.14
2064.38,6.23,-0.02,6.23,-0.02,0.02,0.02,-0.01,6.25,6.25,6.25
2085.03,6.33,-0.03,6.33,-0.03,0.03,0.03,-0.01,6.36,6.36,6.36
2105.88,6.44,-0.03,6.44,-0.03,0.03,0.03,-0.01,6.47,6.47,6.47
2126.94,6.54,-0.03,6.54,-0.03,0.03,0.04,-0.01,6.57,6.58,6.57
2148.20,6.65,-0.04,6.65,-0.04,0.04,0.04,-0.02,6.68,6.68,6.68
2169.69,6.75,-0.04,6.75,-0.04,0.04,0.04,-0.02,6.79,6.79,6.79
2191.38,6.86,-0.04,6.86,-0.04,0.04,0.04,-0.02,6.89,6.89,6.89
2213.30,6.96,-0.03,6.96,-0.03,0.03,0.03,-0.02,7.00,7.00,7.00
2235.43,7.07,-0.03,7.07,-0.03,0.02,0.03,-0.03,7.10,7.09,7.10
2257.78,7.18,-0.02,7.18,-0.02,0.02,0.02,-0.03,7.19,7.19,7.19
2280.36,7.28,-0.01,7.28,-0.01,0.00,0.01,-0.03,7.29,7.29,7.29
2303.17,7.39,0.01,7.39,0.01,-0.01,-0.01,-0.03,7.38,7.38,7.38
2326.20,7.49,0.02,7.49,0.02,-0.03,-0.02,-0.04,7.47,7.47,7.47
2349.46,7.60,0.04,7.60,0.04,-0.04,-0.04,-0.04,7.56,7.56,7.55
2372.95,7.70,0.06,7.70,0.06,-0.05,-0.06,-0.04,7.65,7.65,7.64
2396.68,7.80,0.08,7.80,0.08,-0.07,-0.08,-0.05,7.74,7.74,7.72
2420.65,7.90,0.09,7.90,0.09,-0.08,-0.11,-0.05,7.83,7.83,7.81
2444.86,8.00,0.10,8.00,0.09,-0.09,-0.13,-0.05,7.91,7.91,7.90
2469.31,8.10,0.10,8.10,0.10,-0.10,-0.16,-0.06,8.00,8.00,8.00
2494.00,8.19,0.11,8.19,0.11,-0.12,-0.18,-0.06,8.07,8.07,8.08
2518.94,8.28,0.13,8.28,0.13,-0.14,-0.21,-0.07,8.14,8.14,8.15
2544.13,8.37,0.16,8.37,0.16,-0.17,-0.24,-0.07,8.20,8.20,8.22
2569.57,8.46,0.20,8.46,0.20,-0.21,-0.27,-0.07,8.25,8.25,8.26
2595.27,8.54,0.25,8.54,0.25,-0.25,-0.30,-0.08,8.29,8.29,8.29
2621.22,8.62,0.30,8.62,0.30,-0.30,-0.33,-0.08,8.32,8.32,8.32
2647.43,8.69,0.36,8.69,0.36,-0.35,-0.36,-0.09,8.34,8.34,8.34
2673.90,8.76,0.41,8.76,0.41,-0.41,-0.40,-0.09,8.36,8.36,8.35
2700.64,8.83,0.47,8.83,0.47,-0.46,-0.43,-0.10,8.37,8.37,8.36
2727.65,8.89,0.52,8.89,0.52,-0.51,-0.47,-0.10,8.37,8.37,8.37
2754.93,8.94,0.57,8.94,0.57,-0.57,-0.51,-0.11,8.38,8.38,8.37
2782.48,8.99,0.62,8.99,0.62,-0.62,-0.55,-0.12,8.38,8.38,8.37
2810.30,9.04,0.67,9.04,0.67,-0.67,-0.59,-0.12,8.37,8.37,8.37
2838.40,9.08,0.71,9.08,0.71,-0.71,-0.64,-0.13,8.36,8.36,8.36
2866.79,9.11,0.76,9.11,0.76,-0.76,-0.69,-0.13,8.35,8.35,8.35
2895.46,9.14,0.81,9.14,0.81,-0.81,-0.74,-0.14,8.33,8.33,8.33
2924.41,9.16,0.85,9.16,0.85,-0.86,-0.79,-0.15,8.30,8.30,8.30
2953.65,9.18,0.90,9.17,0.90,-0.90,-0.85,-0.15,8.27,8.27,8.27
2983.19,9.18,0.95,9.18,0.95,-0.95,-0.90,-0.16,8.24,8.24,8.24
3013.02,9.19,0.99,9.19,0.99,-0.99,-0.95,-0.17,8.20,8.20,8.20
3043.15,9.19,1.03,9.18,1.03,-1.03,-1.00,-0.17,8.15,8.15,8.15
3073.58,9.18,1.07,9.18,1.07,-1.07,-1.05,-0.18,8.10,8.10,8.10
3104.32,9.16,1.11,9.16,1.11,-1.11,-1.09,-0.19,8.05,8.05,8.05
3135.36,9.14,1.15,9.14,1.15,-1.15,-1.13,-0.19,7.99,7.99,7.99
3166.72,9.11,1.18,9.11,1.18,-1.18,-1.16,-0.20,7.93,7.93,7.93
3198.38,9.08,1.21,9.08,1.21,-1.21,-1.18,-0.21,7.87,7.87,7.87
3230.37,9.04,1.24,9.04,1.24,-1.23,-1.20,-0.21,7.81,7.81,7.81
3262.67,9.00,1.26,9.00,1.26,-1.26,-1.22,-0.22,7.75,7.75,7.74
3295.30,8.95,1.27,8.95,1.27,-1.27,-1.23,-0.23,7.68,7.68,7.68
3328.25,8.90,1.29,8.90,1.29,-1.29,-1.25,-0.23,7.61,7.62,7.62
3361.53,8.85,1.30,8.85,1.30,-1.30,-1.26,-0.24,7.55,7.55,7.55
3395.15,8.78,1.30,8.78,1.30,-1.31,-1.27,-0.25,7.48,7.48,7.48
3429.10,8.72,1.31,8.72,1.31,-1.31,-1.29,-0.25,7.41,7.41,7.41
3463.39,8.65,1.31,8.65,1.31,-1.32,-1.30,-0.26,7.34,7.34,7.34
3498.03,8.58,1.32,8.58,1.32,-1.32,-1.31,-0.27,7.26,7.26,7.26
3533.01,8.51,1.32,8.51,1.32,-1.32,-1.32,-0.27,7.18,7.19,7.19
3568.34,8.43,1.32,8.43,1.32,-1.32,-1.32,-0.27,7.11,7.11,7.11
3604.02,8.35,1.32,8.35,1.32,-1.32,-1.33,-0.28,7.03,7.02,7.03
3640.06,8.26,1.32,8.26,1.32,-1.32,-1.33,-0.28,6.94,6.94,6.94
3676.46,8.18,1.32,8.18,1.32,-1.32,-1.32,-0.28,6.86,6.86,6.86
3713.22,8.09,1.31,8.09,1.31,-1.31,-1.31,-0.29,6.77,6.77,6.78
3750.36,8.00,1.31,8.00,1.30,-1.31,-1.29,-0.29,6.69,6.69,6.69
3787.86,7.91,1.29,7.91,1.29,-1.29,-1.27,-0.29,6.61,6.61,6.61
3825.74,7.81,1.28,7.81,1.28,-1.28,-1.24,-0.28,6.53,6.53,6.53
3864.00,7.71,1.26,7.71,1.26,-1.25,-1.20,-0.28,6.46,6.46,6.46
3902.64,7.61,1.22,7.61,1.23,-1.22,-1.16,-0.28,6.39,6.39,6.39
3941.66,7.51,1.19,7.51,1.19,-1.18,-1.10,-0.27,6.33,6.33,6.32
3981.08,7.41,1.14,7.41,1.14,-1.13,-1.04,-0.27,6.28,6.28,6.27
4020.89,7.30,1.08,7.30,1.08,-1.07,-0.98,-0.26,6.23,6.23,6.22
4061.10,7.19,1.02,7.19,1.02,-1.01,-0.90,-0.25,6.19,6.19,6.18
4101.71,7.08,0.94,7.08,0.94,-0.94,-0.82,-0.24,6.15,6.15,6.14
4142.73,6.97,0.86,6.97,0.86,-0.86,-0.74,-0.23,6.10,6.11,6.11
4184.15,6.85,0.77,6.85,0.77,-0.79,-0.64,-0.22,6.06,6.06,6.08
4226.00,6.73,0.69,6.73,0.69,-0.72,-0.54,-0.21,6.01,6.01,6.04
4268.26,6.61,0.61,6.61,0.61,-0.64,-0.43,-0.20,5.97,5.97,6.00
4310.94,6.48,0.53,6.48,0.54,-0.56,-0.31,-0.18,5.92,5.92,5.95
4354.05,6.35,0.46,6.35,0.46,-0.47,-0.19,-0.17,5.88,5.88,5.89
4397.59,6.22,0.37,6.22,0.37,-0.36,-0.05,-0.15,5.86,5.86,5.85
4441.56,6.08,0.27,6.08,0.26,-0.22,0.10,-0.13,5.87,5.87,5.82
4485.98,5.94,0.10,5.94,0.09,-0.04,0.26,-0.11,5.90,5.90,5.84
4530.84,5.79,-0.12,5.79,-0.12,0.17,0.44,-0.09,5.96,5.96,5.91
4576.15,5.64,-0.38,5.64,-0.38,0.42,0.63,-0.07,6.06,6.06,6.03
4621.91,5.49,-0.68,5.49,-0.68,0.70,0.84,-0.05,6.19,6.19,6.17
4668.13,5.33,-1.00,5.33,-1.00,1.00,1.07,-0.03,6.33,6.33,6.33
4714.81,5.16,-1.33,5.16,-1.33,1.32,1.31,-0.01,6.48,6.48,6.49
4761.96,4.99,-1.66,4.99,-1.66,1.64,1.57,0.01,6.64,6.64,6.65
4809.58,4.82,-1.97,4.82,-1.97,1.95,1.83,0.04,6.77,6.77,6.79
4857.67,4.64,-2.26,4.64,-2.26,2.24,2.08,0.06,6.88,6.88,6.90
4906.25,4.45,-2.51,4.45,-2.52,2.50,2.34,0.08,6.95,6.95,6.97
4955.31,4.27,-2.74,4.26,-2.74,2.72,2.57,0.11,6.98,6.98,7.00
5004.87,4.07,-2.92,4.07,-2.91,2.90,2.79,0.13,6.97,6.97,6.99
5054.91,3.87,-3.04,3.87,-3.05,3.03,2.98,0.16,6.90,6.90,6.91
5105.46,3.67,-3.13,3.67,-3.13,3.13,3.16,0.19,6.79,6.79,6.80
5156.52,3.46,-3.18,3.46,-3.18,3.18,3.27,0.21,6.63,6.63,6.64
5208.08,3.24,-3.18,3.24,-3.18,3.18,3.36,0.24,6.42,6.42,6.42
5260.16,3.01,-3.14,3.01,-3.14,3.14,3.33,0.27,6.16,6.16,6.15
5312.77,2.79,-3.07,2.78,-3.07,3.06,3.27,0.29,5.85,5.85,5.86
5365.89,2.56,-2.96,2.56,-2.96,2.94,3.12,0.32,5.49,5.49,5.52
5419.55,2.34,-2.81,2.34,-2.81,2.78,2.94,0.35,5.11,5.11,5.15
5473.75,2.14,-2.63,2.14,-2.63,2.58,2.72,0.38,4.72,4.73,4.77
5528.49,1.97,-2.41,1.97,-2.41,2.37,2.48,0.41,4.34,4.35,4.38
5583.77,1.83,-2.16,1.83,-2.16,2.15,2.27,0.44,3.99,3.99,3.99
5639.61,1.71,-1.91,1.71,-1.91,1.94,2.05,0.47,3.65,3.65,3.62
5696.00,1.58,-1.67,1.58,-1.69,1.74,1.88,0.50,3.32,3.32,3.26
5752.96,1.44,-1.51,1.44,-1.51,1.56,1.71,0.53,3.00,3.01,2.95
5810.49,1.28,-1.37,1.29,-1.38,1.42,1.59,0.56,2.70,2.71,2.65
5868.60,1.11,-1.29,1.12,-1.30,1.31,1.47,0.59,2.42,2.43,2.40
5927.28,0.93,-1.24,0.95,-1.24,1.25,1.39,0.62,2.17,2.19,2.16
5986.56,0.75,-1.20,0.77,-1.22,1.21,1.33,0.66,1.96,1.99,1.95
6046.42,0.57,-1.20,0.60,-1.22,1.22,1.29,0.69,1.78,1.82,1.77
6106.89,0.39,-1.22,0.44,-1.25,1.24,1.26,0.73,1.64,1.69,1.61
6167.96,0.23,-1.26,0.29,-1.30,1.29,1.27,0.76,1.52,1.59,1.48
6229.64,0.07,-1.31,0.16,-1.36,1.36,1.28,0.80,1.43,1.52,1.38
6291.93,-0.09,-1.38,0.04,-1.45,1.45,1.33,0.83,1.36,1.49,1.29
6354.85,-0.23,-1.47,-0.07,-1.55,1.56,1.38,0.87,1.33,1.49,1.24
6418.40,-0.37,-1.58,-0.15,-1.67,1.68,1.48,0.91,1.31,1.53,1.21
6482.58,-0.49,-1.69,-0.20,-1.80,1.82,1.57,0.95,1.32,1.61,1.20
6547.41,-0.61,-1.84,-0.23,-1.94,1.96,1.71,0.98,1.36,1.73,1.23
6612.88,-0.71,-2.00,-0.23,-2.10,2.12,1.85,1.02,1.40,1.89,1.29
6679.01,-0.80,-2.19,-0.19,-2.25,2.26,2.03,1.06,1.46,2.07,1.39
6745.80,-0.88,-2.42,-0.12,-2.40,2.40,2.21,1.10,1.52,2.28,1.54
6813.26,-0.94,-2.66,-0.02,-2.53,2.51,2.38,1.14,1.57,2.50,1.72
6881.39,-0.99,-2.93,0.11,-2.63,2.60,2.56,1.18,1.61,2.71,1.94
6950.21,-1.02,-3.23,0.27,-2.68,2.65,2.65,1.22,1.63,2.92,2.21
7019.71,-1.03,-3.55,0.43,-2.69,2.66,2.74,1.26,1.63,3.09,2.51
7089.91,-1.03,-3.89,0.60,-2.65,2.63,2.69,1.30,1.60,3.22,2.86
7160.81,-1.00,-4.25,0.76,-2.57,2.55,2.63,1.34,1.55,3.31,3.25
7232.41,-0.96,-4.62,0.91,-2.45,2.44,2.46,1.37,1.48,3.35,3.66
7304.74,-0.90,-5.00,1.04,-2.30,2.29,2.28,1.41,1.40,3.33,4.10
7377.79,-0.81,-5.36,1.15,-2.12,2.12,2.06,1.44,1.32,3.28,4.55
7451.56,-0.69,-5.68,1.25,-1.93,1.93,1.84,1.48,1.24,3.19,4.99
7526.08,-0.55,-5.94,1.33,-1.73,1.74,1.64,1.51,1.18,3.07,5.39
7601.34,-0.39,-6.12,1.39,-1.52,1.53,1.44,1.54,1.14,2.93,5.73
7677.35,-0.19,-6.13,1.44,-1.33,1.34,1.28,1.57,1.15,2.77,5.94
7754.13,0.03,-6.07,1.47,-1.14,1.15,1.12,1.59,1.18,2.62,6.10
7831.67,0.31,-5.70,1.49,-0.96,0.97,1.00,1.62,1.28,2.46,6.01
7909.98,0.60,-5.22,1.50,-0.80,0.81,0.88,1.64,1.41,2.31,5.83
7989.08,0.94,-4.55,1.50,-0.66,0.67,0.79,1.65,1.60,2.17,5.49
8068.98,1.32,-3.71,1.49,-0.53,0.54,0.70,1.67,1.86,2.03,5.03
8149.67,1.73,-2.78,1.47,-0.43,0.44,0.63,1.68,2.17,1.91,4.51
8231.16,2.17,-1.78,1.45,-0.34,0.35,0.56,1.69,2.52,1.80,3.95
8313.47,2.63,-0.75,1.42,-0.28,0.28,0.51,1.70,2.91,1.70,3.39
8396.61,3.09,0.27,1.38,-0.22,0.23,0.45,1.71,3.32,1.60,2.82
8480.57,3.55,1.25,1.33,-0.18,0.18,0.41,1.71,3.73,1.51,2.30
8565.38,3.95,2.14,1.29,-0.14,0.14,0.37,1.71,4.09,1.43,1.82
8651.03,4.30,2.93,1.24,-0.11,0.10,0.34,1.71,4.40,1.34,1.37
8737.54,4.58,3.61,1.18,-0.08,0.06,0.31,1.70,4.64,1.24,0.97
8824.92,4.74,4.11,1.13,-0.04,0.02,0.29,1.70,4.76,1.14,0.64
8913.17,4.77,4.40,1.07,-0.00,-0.03,0.26,1.69,4.74,1.04,0.36
9002.30,4.74,4.62,1.01,0.05,-0.07,0.24,1.69,4.67,0.94,0.12
9092.32,4.56,4.60,0.95,0.10,-0.10,0.22,1.68,4.45,0.84,-0.04
9183.25,4.30,4.44,0.88,0.14,-0.12,0.21,1.68,4.17,0.75,-0.14
9275.08,3.99,4.17,0.79,0.15,-0.12,0.19,1.67,3.87,0.67,-0.18
9367.83,3.64,3.80,0.70,0.12,-0.09,0.18,1.66,3.55,0.61,-0.16
9461.51,3.27,3.33,0.60,0.05,-0.01,0.16,1.66,3.26,0.59,-0.06
9556.12,2.89,2.78,0.48,-0.06,0.11,0.15,1.66,3.00,0.59,0.12
9651.68,2.50,2.14,0.36,-0.20,0.25,0.14,1.65,2.76,0.61,0.36
9748.20,2.10,1.42,0.23,-0.38,0.42,0.13,1.65,2.52,0.65,0.68
9845.68,1.68,0.57,0.09,-0.58,0.59,0.12,1.65,2.27,0.68,1.11
9944.14,1.24,-0.39,-0.05,-0.81,0.76,0.11,1.66,2.00,0.71,1.63
10043.58,0.78,-1.45,-0.20,-1.07,0.91,0.11,1.66,1.70,0.71,2.23
10144.02,0.32,-2.56,-0.37,-1.12,1.05,0.10,1.67,1.37,0.67,2.88
10245.46,-0.14,-3.70,-0.55,-1.17,1.16,0.09,1.67,1.02,0.61,3.56
10347.91,-0.59,-4.74,-0.74,-1.22,1.25,0.09,1.69,0.66,0.51,4.14
10451.39,-1.02,-5.58,-0.93,-1.28,1.32,0.08,1.70,0.29,0.39,4.56
10555.91,-1.41,-5.86,-1.13,-1.34,1.37,0.08,1.72,-0.05,0.24,4.44
10661.46,-1.77,-5.68,-1.33,-1.40,1.41,0.07,1.74,-0.36,0.09,3.91
10768.08,-2.08,-5.09,-1.53,-1.46,1.46,0.07,1.76,-0.62,-0.07,3.00
10875.76,-2.33,-4.10,-1.75,-1.53,1.53,0.06,1.79,-0.81,-0.22,1.77
10984.52,-2.52,-3.00,-1.96,-1.60,1.60,0.06,1.82,-0.92,-0.37,0.48
11094.36,-2.66,-1.87,-2.18,-1.67,1.67,0.06,1.85,-0.99,-0.52,-0.78
11205.31,-2.73,-0.75,-2.41,-1.74,1.74,0.05,1.89,-0.99,-0.67,-1.97
11317.36,-2.71,0.30,-2.64,-1.82,1.82,0.05,1.93,-0.89,-0.83,-3.01
11430.53,-2.65,1.33,-2.88,-1.90,1.90,0.05,1.98,-0.75,-0.99,-3.98
11544.84,-2.51,2.27,-3.13,-1.98,1.98,0.04,2.03,-0.53,-1.15,-4.78
11660.29,-2.32,3.15,-3.38,-2.06,2.06,0.04,2.09,-0.26,-1.31,-5.47
11776.89,-2.10,3.98,-3.63,-2.15,2.15,0.04,2.14,0.05,-1.48,-6.08
11894.66,-1.83,4.60,-3.89,-2.24,2.24,0.04,2.21,0.40,-1.65,-6.44
12013.60,-1.57,5.19,-4.15,-2.33,2.33,0.04,2.28,0.76,-1.82,-6.76
12133.74,-1.33,5.58,-4.42,-2.42,2.42,0.03,2.36,1.09,-2.00,-6.91
12255.08,-1.18,5.69,-4.70,-2.52,2.52,0.03,2.45,1.35,-2.18,-6.87
12377.63,-1.09,5.61,-4.98,-2.62,2.62,0.03,2.54,1.53,-2.36,-6.70
12501.41,-1.12,5.27,-5.26,-2.72,2.72,0.03,2.64,1.60,-2.54,-6.40
12626.42,-1.35,4.63,-5.56,-2.83,2.83,0.03,2.75,1.47,-2.73,-5.98
12752.68,-1.75,3.80,-5.85,-2.94,2.94,0.03,2.86,1.19,-2.92,-5.54
12880.21,-2.36,2.86,-6.15,-3.05,3.05,0.02,2.99,0.69,-3.11,-5.22
13009.01,-3.08,1.90,-6.46,-3.16,3.16,0.02,3.13,0.08,-3.30,-4.98
13139.10,-3.80,0.93,-6.77,-3.28,3.28,0.02,3.28,-0.52,-3.50,-4.73
13270.49,-4.70,-0.03,-7.09,-3.39,3.39,0.02,3.44,-1.31,-3.70,-4.68
13403.20,-5.65,-0.99,-7.41,-3.51,3.51,0.02,3.62,-2.14,-3.90,-4.66
13537.23,-6.63,-1.94,-7.74,-3.64,3.64,0.02,3.81,-2.99,-4.10,-4.69
13672.60,-7.59,-2.89,-8.07,-3.76,3.76,0.02,4.02,-3.83,-4.31,-4.70
13809.33,-8.54,-3.84,-8.41,-3.89,3.89,0.02,4.24,-4.64,-4.52,-4.70
13947.42,-9.42,-4.81,-8.76,-4.02,4.02,0.02,4.49,-5.40,-4.73,-4.61
14086.90,-10.25,-5.79,-9.11,-4.16,4.16,0.01,4.75,-6.10,-4.95,-4.47
14227.77,-11.04,-6.76,-9.46,-4.29,4.29,0.01,5.04,-6.75,-5.17,-4.28
14370.04,-11.78,-7.75,-9.82,-4.43,4.43,0.01,5.34,-7.35,-5.39,-4.03
14513.74,-12.46,-8.76,-10.18,-4.57,4.57,0.01,5.68,-7.89,-5.61,-3.70
14658.88,-13.06,-9.73,-10.55,-4.72,4.72,0.01,6.03,-8.34,-5.84,-3.32
14805.47,-13.61,-10.66,-10.93,-4.86,4.86,0.01,6.40,-8.75,-6.07,-2.95
14953.52,-14.10,-11.54,-11.31,-5.01,5.02,0.01,6.79,-9.08,-6.29,-2.57
15103.06,-14.54,-12.22,-11.70,-5.17,5.19,0.01,7.19,-9.35,-6.51,-2.32
15254.09,-14.94,-12.81,-12.09,-5.32,5.35,0.01,7.58,-9.59,-6.74,-2.13
15406.63,-15.27,-13.14,-12.49,-5.48,5.51,0.01,7.95,-9.76,-6.98,-2.13
15560.70,-15.57,-13.37,-12.89,-5.64,5.65,0.01,8.29,-9.92,-7.24,-2.20
15716.30,-15.83,-13.45,-13.29,-5.80,5.77,0.01,8.54,-10.06,-7.53,-2.38
15873.47,-16.05,-13.35,-13.71,-5.96,5.87,0.01,8.71,-10.18,-7.84,-2.70
16032.20,-16.26,-13.13,-14.13,-6.13,5.94,0.01,8.72,-10.32,-8.18,-3.13
16192.52,-16.45,-12.64,-14.55,-6.30,5.99,0.01,8.64,-10.46,-8.56,-3.81
16354.45,-16.65,-12.07,-14.98,-6.48,6.02,0.01,8.36,-10.63,-8.96,-4.58
16517.99,-16.86,-11.47,-15.41,-6.65,6.03,0.01,8.01,-10.83,-9.38,-5.39
16683.17,-17.12,-11.02,-15.85,-6.83,6.03,0.00,7.52,-11.10,-9.82,-6.10
16850.01,-17.44,-10.78,-16.29,-7.01,6.01,0.00,7.00,-11.43,-10.28,-6.67
17018.51,-17.82,-10.70,-16.74,-7.19,6.00,0.00,6.42,-11.81,-10.74,-7.11
17188.69,-18.30,-10.98,-17.20,-7.38,6.00,0.00,5.84,-12.30,-11.20,-7.32
17360.58,-18.85,-11.56,-17.66,-7.57,6.00,0.00,5.27,-12.85,-11.66,-7.29
17534.18,-19.46,-12.39,-18.12,-7.76,6.00,0.00,4.71,-13.46,-12.12,-7.07
17709.53,-20.11,-13.57,-18.59,-7.95,6.00,0.00,4.20,-14.11,-12.59,-6.54
17886.62,-20.70,-14.90,-19.07,-8.15,6.00,0.00,3.71,-14.70,-13.07,-5.80
18065.49,-21.16,-15.91,-19.55,-8.35,6.00,0.00,3.27,-15.16,-13.55,-5.25
18246.14,-21.46,-16.32,-20.04,-8.55,6.00,0.00,2.86,-15.46,-14.04,-5.13
18428.60,-21.39,-14.42,-20.53,-8.75,6.00,0.00,2.50,-15.39,-14.53,-6.97
18612.89,-21.20,-11.67,-21.03,-8.96,6.00,0.00,2.16,-15.20,-15.03,-9.53
18799.02,-20.94,-8.40,-21.53,-9.17,6.00,0.00,1.86,-14.94,-15.53,-12.54
18987.01,-20.72,-5.14,-22.04,-9.38,6.00,0.00,1.59,-14.72,-16.04,-15.59
19176.88,-20.71,-2.16,-22.55,-9.59,6.00,0.00,1.35,-14.71,-16.55,-18.55
19368.65,-20.86,0.75,-23.07,-9.81,6.00,0.00,1.14,-14.86,-17.07,-21.60
19562.33,-21.13,3.68,-23.59,-10.03,6.00,0.00,0.95,-15.13,-17.59,-24.81
19757.96,-21.49,6.74,-24.12,-10.25,6.00,0.00,0.77,-15.49,-18.12,-28.22
19955.54,-21.84,9.79,-24.65,-10.48,6.00,0.00,0.58,-15.84,-18.65,-31.63
