frequency,raw,error,smoothed,error_smoothed,equalization,parametric_eq,fixed_band_eq,equalized_raw,equalized_smoothed,target
20.00,15.63,1.75,15.64,1.75,-2.13,-1.22,-0.47,13.51,13.51,13.89
20.20,15.73,1.84,15.73,1.84,-1.89,-1.23,-0.49,13.85,13.85,13.90
20.40,15.75,1.85,15.74,1.84,-1.67,-1.23,-0.50,14.09,14.07,13.90
20.61,15.69,1.78,15.67,1.76,-1.47,-1.23,-0.52,14.22,14.20,13.91
20.81,15.49,1.58,15.49,1.58,-1.30,-1.23,-0.53,14.19,14.19,13.91
21.02,15.25,1.33,15.24,1.33,-1.15,-1.23,-0.55,14.09,14.09,13.91
21.23,14.97,1.06,14.98,1.07,-1.03,-1.23,-0.56,13.94,13.95,13.91
21.44,14.73,0.82,14.74,0.83,-0.93,-1.23,-0.58,13.80,13.81,13.91
21.66,14.57,0.66,14.56,0.65,-0.80,-1.23,-0.60,13.77,13.77,13.91
21.87,14.45,0.55,14.48,0.58,-0.71,-1.22,-0.61,13.74,13.76,13.90
22.09,14.48,0.58,14.48,0.59,-0.69,-1.22,-0.63,13.78,13.79,13.89
22.31,14.57,0.69,14.56,0.68,-0.72,-1.22,-0.65,13.84,13.84,13.88
22.54,14.69,0.82,14.69,0.82,-0.80,-1.21,-0.67,13.89,13.89,13.87
22.76,14.82,0.96,14.81,0.96,-0.89,-1.20,-0.69,13.93,13.93,13.85
22.99,14.91,1.08,14.90,1.07,-0.97,-1.20,-0.71,13.94,13.93,13.83
23.22,14.95,1.13,14.94,1.13,-1.04,-1.19,-0.73,13.90,13.90,13.81
23.45,14.94,1.15,14.94,1.15,-1.09,-1.18,-0.75,13.85,13.85,13.79
23.69,14.89,1.13,14.89,1.12,-1.11,-1.18,-0.77,13.79,13.79,13.77
23.92,14.82,1.08,14.82,1.09,-1.10,-1.17,-0.79,13.72,13.73,13.74
24.16,14.75,1.04,14.75,1.04,-1.08,-1.16,-0.81,13.67,13.68,13.71
24.40,14.68,1.01,14.69,1.01,-1.05,-1.15,-0.84,13.63,13.64,13.67
24.65,14.63,0.99,14.63,0.99,-1.03,-1.15,-0.86,13.60,13.61,13.64
24.89,14.59,0.99,14.60,0.99,-1.01,-1.14,-0.88,13.58,13.58,13.60
25.14,14.57,1.00,14.57,1.00,-1.00,-1.13,-0.91,13.56,13.56,13.56
25.39,14.54,1.02,14.54,1.01,-1.00,-1.12,-0.93,13.54,13.54,13.53
25.65,14.51,1.03,14.51,1.02,-1.01,-1.12,-0.95,13.50,13.50,13.49
25.91,14.48,1.03,14.48,1.03,-1.02,-1.11,-0.98,13.46,13.46,13.45
26.16,14.44,1.03,14.44,1.03,-1.02,-1.10,-1.00,13.42,13.42,13.41
26.43,14.40,1.03,14.41,1.03,-1.03,-1.10,-1.02,13.37,13.37,13.38
26.69,14.37,1.03,14.37,1.03,-1.05,-1.09,-1.05,13.33,13.33,13.34
26.96,14.35,1.04,14.35,1.04,-1.06,-1.08,-1.07,13.29,13.29,13.31
27.23,14.33,1.06,14.33,1.06,-1.07,-1.08,-1.09,13.26,13.26,13.27
27.50,14.32,1.09,14.32,1.09,-1.09,-1.07,-1.11,13.24,13.23,13.23
27.77,14.31,1.11,14.31,1.11,-1.10,-1.07,-1.13,13.21,13.21,13.20
28.05,14.29,1.13,14.28,1.12,-1.11,-1.07,-1.15,13.18,13.18,13.16
28.33,14.25,1.13,14.25,1.13,-1.11,-1.06,-1.17,13.14,13.14,13.12
28.62,14.21,1.13,14.21,1.13,-1.11,-1.06,-1.19,13.10,13.10,13.08
28.90,14.17,1.12,14.17,1.12,-1.11,-1.06,-1.21,13.05,13.05,13.05
29.19,14.12,1.11,14.12,1.11,-1.11,-1.06,-1.23,13.01,13.01,13.01
29.48,14.08,1.10,14.09,1.10,-1.12,-1.06,-1.24,12.96,12.97,12.98
29.78,14.06,1.11,14.06,1.10,-1.13,-1.05,-1.26,12.93,12.93,12.96
30.08,14.05,1.12,14.06,1.12,-1.15,-1.05,-1.27,12.91,12.91,12.93
30.38,14.06,1.15,14.06,1.15,-1.17,-1.05,-1.28,12.89,12.89,12.91
30.68,14.07,1.19,14.07,1.19,-1.19,-1.06,-1.29,12.88,12.88,12.88
30.99,14.07,1.23,14.07,1.22,-1.21,-1.06,-1.30,12.86,12.86,12.85
31.30,14.06,1.25,14.06,1.25,-1.22,-1.06,-1.31,12.84,12.84,12.81
31.61,14.03,1.25,14.03,1.25,-1.22,-1.06,-1.32,12.81,12.81,12.77
31.93,13.98,1.24,13.97,1.24,-1.20,-1.06,-1.32,12.77,12.77,12.74
32.24,13.90,1.20,13.90,1.20,-1.17,-1.06,-1.33,12.73,12.73,12.71
32.57,13.82,1.14,13.82,1.14,-1.13,-1.07,-1.33,12.70,12.70,12.68
32.89,13.74,1.08,13.74,1.08,-1.08,-1.07,-1.33,12.66,12.66,12.66
33.22,13.66,1.02,13.65,1.02,-1.04,-1.07,-1.33,12.62,12.62,12.64
33.55,13.58,0.97,13.58,0.97,-1.00,-1.08,-1.33,12.58,12.58,12.61
33.89,13.52,0.94,13.52,0.95,-0.98,-1.08,-1.33,12.54,12.54,12.58
34.23,13.49,0.95,13.49,0.95,-0.98,-1.09,-1.32,12.50,12.50,12.54
34.57,13.47,0.97,13.47,0.97,-1.00,-1.09,-1.32,12.47,12.48,12.50
34.92,13.48,1.02,13.48,1.02,-1.02,-1.09,-1.31,12.46,12.46,12.46
35.27,13.50,1.07,13.50,1.07,-1.05,-1.10,-1.31,12.45,12.45,12.44
35.62,13.52,1.11,13.52,1.11,-1.08,-1.10,-1.30,12.44,12.44,12.41
35.97,13.53,1.14,13.53,1.14,-1.10,-1.11,-1.30,12.43,12.43,12.39
36.33,13.52,1.14,13.52,1.14,-1.12,-1.11,-1.29,12.41,12.41,12.38
36.70,13.49,1.13,13.49,1.13,-1.12,-1.12,-1.28,12.37,12.37,12.36
37.06,13.46,1.11,13.46,1.11,-1.12,-1.12,-1.28,12.34,12.34,12.35
37.43,13.41,1.09,13.42,1.09,-1.11,-1.12,-1.27,12.30,12.31,12.33
37.81,13.39,1.08,13.39,1.08,-1.10,-1.13,-1.27,12.29,12.29,12.31
38.19,13.36,1.07,13.36,1.07,-1.08,-1.13,-1.26,12.28,12.28,12.29
38.57,13.34,1.07,13.34,1.07,-1.07,-1.13,-1.26,12.27,12.27,12.27
38.95,13.32,1.06,13.32,1.06,-1.06,-1.14,-1.25,12.26,12.26,12.26
39.34,13.29,1.06,13.29,1.06,-1.04,-1.14,-1.25,12.25,12.25,12.24
39.74,13.25,1.04,13.25,1.04,-1.03,-1.14,-1.24,12.23,12.23,12.22
40.14,13.21,1.02,13.21,1.02,-1.00,-1.14,-1.24,12.21,12.21,12.19
40.54,13.16,0.99,13.16,0.99,-0.98,-1.14,-1.24,12.19,12.19,12.18
40.94,13.12,0.96,13.11,0.96,-0.95,-1.14,-1.24,12.16,12.16,12.16
41.35,13.07,0.92,13.06,0.92,-0.93,-1.14,-1.24,12.14,12.14,12.14
41.76,13.01,0.89,13.01,0.89,-0.91,-1.14,-1.24,12.10,12.10,12.12
42.18,12.97,0.87,12.97,0.87,-0.90,-1.14,-1.24,12.07,12.07,12.10
42.60,12.93,0.87,12.94,0.87,-0.90,-1.13,-1.24,12.03,12.04,12.07
43.03,12.92,0.89,12.92,0.89,-0.90,-1.13,-1.25,12.02,12.02,12.03
43.46,12.91,0.92,12.91,0.92,-0.91,-1.12,-1.25,12.00,12.00,11.99
43.90,12.90,0.94,12.89,0.94,-0.91,-1.12,-1.26,11.99,11.99,11.96
44.33,12.87,0.95,12.86,0.94,-0.90,-1.11,-1.26,11.96,11.96,11.92
44.78,12.81,0.93,12.81,0.93,-0.90,-1.11,-1.27,11.92,11.91,11.88
45.23,12.74,0.90,12.74,0.90,-0.89,-1.10,-1.28,11.86,11.86,11.85
45.68,12.67,0.86,12.67,0.86,-0.88,-1.09,-1.29,11.79,11.79,11.81
46.13,12.59,0.83,12.60,0.83,-0.86,-1.08,-1.30,11.73,11.74,11.77
46.60,12.54,0.82,12.54,0.82,-0.85,-1.08,-1.31,11.69,11.69,11.72
47.06,12.50,0.82,12.50,0.82,-0.84,-1.07,-1.32,11.66,11.66,11.67
47.53,12.46,0.84,12.46,0.84,-0.83,-1.06,-1.33,11.63,11.63,11.63
48.01,12.43,0.85,12.43,0.85,-0.83,-1.05,-1.35,11.60,11.60,11.58
48.49,12.39,0.86,12.39,0.85,-0.83,-1.04,-1.36,11.56,11.56,11.54
48.97,12.35,0.85,12.35,0.85,-0.83,-1.03,-1.38,11.51,11.51,11.50
49.46,12.29,0.84,12.29,0.84,-0.83,-1.02,-1.39,11.46,11.46,11.45
49.96,12.23,0.83,12.24,0.83,-0.83,-1.02,-1.41,11.40,11.40,11.41
50.46,12.18,0.83,12.18,0.82,-0.83,-1.01,-1.43,11.35,11.35,11.36
50.96,12.14,0.83,12.14,0.83,-0.83,-1.00,-1.45,11.30,11.30,11.31
51.47,12.10,0.83,12.10,0.83,-0.84,-0.99,-1.46,11.26,11.26,11.26
51.99,12.06,0.85,12.06,0.85,-0.85,-0.98,-1.48,11.21,11.20,11.21
52.51,12.02,0.87,12.02,0.87,-0.87,-0.98,-1.50,11.15,11.15,11.15
53.03,11.98,0.89,11.99,0.89,-0.90,-0.97,-1.52,11.09,11.09,11.09
53.56,11.95,0.92,11.95,0.92,-0.93,-0.96,-1.54,11.02,11.02,11.03
54.10,11.92,0.95,11.92,0.96,-0.96,-0.96,-1.55,10.96,10.96,10.97
54.64,11.90,0.99,11.90,0.99,-0.99,-0.95,-1.57,10.91,10.91,10.91
55.18,11.87,1.03,11.87,1.02,-1.02,-0.95,-1.59,10.85,10.85,10.84
55.74,11.83,1.05,11.83,1.05,-1.04,-0.94,-1.60,10.80,10.80,10.78
56.29,11.79,1.06,11.79,1.06,-1.05,-0.94,-1.61,10.74,10.74,10.73
56.86,11.74,1.07,11.74,1.07,-1.05,-0.94,-1.63,10.69,10.69,10.68
57.42,11.69,1.06,11.69,1.06,-1.05,-0.93,-1.64,10.63,10.63,10.63
58.00,11.62,1.04,11.62,1.04,-1.04,-0.93,-1.65,10.58,10.58,10.58
58.58,11.55,1.02,11.55,1.03,-1.03,-0.93,-1.66,10.52,10.52,10.52
59.16,11.48,1.01,11.48,1.01,-1.01,-0.93,-1.66,10.47,10.47,10.47
59.76,11.40,0.99,11.40,0.99,-0.99,-0.93,-1.67,10.41,10.41,10.42
60.35,11.33,0.97,11.33,0.97,-0.98,-0.93,-1.67,10.35,10.35,10.36
60.96,11.27,0.96,11.27,0.96,-0.97,-0.93,-1.67,10.29,10.29,10.30
61.57,11.20,0.96,11.20,0.96,-0.97,-0.93,-1.67,10.23,10.23,10.24
62.18,11.15,0.97,11.15,0.97,-0.98,-0.93,-1.67,10.17,10.17,10.18
62.80,11.09,0.98,11.09,0.98,-0.98,-0.94,-1.66,10.11,10.11,10.11
63.43,11.04,1.00,11.04,1.00,-0.99,-0.94,-1.65,10.05,10.05,10.04
64.07,10.99,1.02,10.99,1.01,-1.00,-0.94,-1.64,9.99,9.99,9.98
64.71,10.94,1.02,10.94,1.02,-1.01,-0.95,-1.63,9.92,9.92,9.91
65.35,10.88,1.03,10.88,1.03,-1.02,-0.95,-1.61,9.86,9.86,9.85
66.01,10.83,1.03,10.83,1.03,-1.03,-0.96,-1.60,9.80,9.80,9.79
66.67,10.77,1.03,10.77,1.03,-1.03,-0.96,-1.58,9.74,9.74,9.74
67.33,10.71,1.03,10.71,1.03,-1.03,-0.97,-1.56,9.68,9.68,9.68
68.01,10.65,1.03,10.66,1.03,-1.03,-0.98,-1.53,9.62,9.63,9.63
68.69,10.61,1.03,10.61,1.03,-1.03,-0.99,-1.51,9.57,9.57,9.58
69.37,10.56,1.03,10.56,1.03,-1.03,-0.99,-1.48,9.52,9.52,9.53
70.07,10.51,1.03,10.51,1.04,-1.04,-1.00,-1.45,9.47,9.47,9.48
70.77,10.46,1.04,10.46,1.04,-1.04,-1.01,-1.43,9.42,9.42,9.42
71.48,10.41,1.05,10.41,1.05,-1.05,-1.02,-1.40,9.36,9.36,9.36
72.19,10.36,1.05,10.36,1.05,-1.05,-1.03,-1.37,9.30,9.30,9.30
72.91,10.30,1.06,10.30,1.06,-1.06,-1.04,-1.34,9.24,9.25,9.24
73.64,10.25,1.07,10.25,1.07,-1.06,-1.05,-1.30,9.19,9.19,9.19
74.38,10.20,1.07,10.20,1.07,-1.07,-1.06,-1.27,9.13,9.13,9.13
75.12,10.14,1.07,10.14,1.07,-1.07,-1.07,-1.24,9.08,9.08,9.07
75.87,10.09,1.07,10.09,1.07,-1.07,-1.08,-1.21,9.02,9.02,9.02
76.63,10.03,1.06,10.03,1.06,-1.07,-1.09,-1.17,8.96,8.96,8.97
77.40,9.97,1.06,9.98,1.06,-1.06,-1.09,-1.14,8.91,8.91,8.92
78.17,9.92,1.06,9.92,1.06,-1.06,-1.10,-1.11,8.86,8.86,8.86
78.95,9.87,1.05,9.86,1.05,-1.05,-1.11,-1.08,8.82,8.82,8.81
79.74,9.81,1.04,9.81,1.04,-1.04,-1.12,-1.04,8.77,8.77,8.77
80.54,9.75,1.03,9.75,1.03,-1.03,-1.12,-1.01,8.72,8.72,8.72
81.35,9.68,1.02,9.68,1.02,-1.01,-1.13,-0.98,8.67,8.67,8.67
82.16,9.62,1.00,9.62,1.00,-1.00,-1.13,-0.95,8.62,8.62,8.62
82.98,9.55,0.99,9.55,0.99,-0.99,-1.14,-0.92,8.56,8.56,8.56
83.81,9.49,0.97,9.49,0.98,-0.98,-1.14,-0.89,8.51,8.51,8.51
84.65,9.43,0.97,9.43,0.97,-0.97,-1.14,-0.86,8.45,8.45,8.46
85.50,9.37,0.96,9.37,0.96,-0.97,-1.14,-0.83,8.40,8.40,8.41
86.35,9.31,0.96,9.31,0.96,-0.97,-1.14,-0.80,8.34,8.34,8.35
87.22,9.26,0.96,9.26,0.96,-0.97,-1.14,-0.78,8.29,8.29,8.29
88.09,9.20,0.97,9.21,0.97,-0.97,-1.13,-0.75,8.24,8.24,8.24
88.97,9.16,0.97,9.16,0.97,-0.96,-1.12,-0.72,8.20,8.20,8.18
89.86,9.11,0.98,9.11,0.98,-0.95,-1.12,-0.70,8.16,8.16,8.13
90.76,9.05,0.97,9.05,0.97,-0.93,-1.11,-0.67,8.12,8.11,8.08
91.66,8.97,0.95,8.97,0.94,-0.92,-1.10,-0.65,8.06,8.05,8.03
92.58,8.89,0.91,8.89,0.91,-0.91,-1.09,-0.62,7.98,7.98,7.98
93.51,8.81,0.88,8.81,0.89,-0.92,-1.07,-0.60,7.89,7.89,7.92
94.44,8.75,0.88,8.75,0.88,-0.95,-1.06,-0.58,7.80,7.80,7.87
95.39,8.72,0.91,8.72,0.92,-0.99,-1.04,-0.55,7.73,7.73,7.81
96.34,8.72,0.98,8.73,0.99,-1.04,-1.02,-0.53,7.68,7.69,7.75
97.30,8.76,1.08,8.77,1.09,-1.10,-1.00,-0.51,7.67,7.67,7.68
98.28,8.81,1.19,8.80,1.19,-1.14,-0.98,-0.49,7.66,7.66,7.62
99.26,8.82,1.27,8.81,1.26,-1.17,-0.95,-0.47,7.65,7.64,7.55
100.25,8.77,1.28,8.76,1.27,-1.17,-0.93,-0.45,7.60,7.59,7.49
101.25,8.66,1.21,8.65,1.21,-1.14,-0.90,-0.43,7.51,7.51,7.44
102.27,8.51,1.10,8.51,1.11,-1.09,-0.88,-0.41,7.41,7.42,7.40
103.29,8.35,0.99,8.35,0.99,-1.02,-0.85,-0.39,7.33,7.33,7.36
104.32,8.20,0.88,8.21,0.88,-0.93,-0.82,-0.37,7.27,7.28,7.32
105.37,8.08,0.80,8.08,0.79,-0.84,-0.79,-0.35,7.24,7.24,7.29
106.42,7.98,0.73,7.98,0.73,-0.77,-0.76,-0.34,7.21,7.21,7.25
107.48,7.89,0.68,7.89,0.69,-0.71,-0.73,-0.32,7.18,7.19,7.21
108.56,7.82,0.66,7.82,0.66,-0.66,-0.70,-0.30,7.16,7.16,7.16
109.64,7.76,0.64,7.76,0.64,-0.64,-0.67,-0.28,7.12,7.12,7.12
110.74,7.70,0.63,7.70,0.63,-0.62,-0.63,-0.26,7.08,7.08,7.07
111.85,7.64,0.62,7.64,0.62,-0.61,-0.60,-0.24,7.03,7.03,7.02
112.97,7.57,0.61,7.57,0.61,-0.61,-0.57,-0.23,6.97,6.97,6.96
114.10,7.50,0.60,7.50,0.60,-0.60,-0.53,-0.21,6.91,6.91,6.91
115.24,7.43,0.58,7.43,0.59,-0.59,-0.50,-0.19,6.85,6.85,6.85
116.39,7.36,0.57,7.36,0.57,-0.57,-0.46,-0.17,6.79,6.79,6.79
117.55,7.29,0.56,7.29,0.55,-0.55,-0.43,-0.15,6.74,6.74,6.74
118.73,7.22,0.53,7.22,0.53,-0.52,-0.40,-0.13,6.70,6.70,6.69
119.92,7.15,0.50,7.15,0.50,-0.49,-0.36,-0.11,6.67,6.67,6.66
121.12,7.09,0.46,7.09,0.46,-0.45,-0.33,-0.09,6.64,6.64,6.63
122.33,7.02,0.41,7.02,0.41,-0.39,-0.29,-0.07,6.63,6.63,6.62
123.55,6.96,0.34,6.96,0.34,-0.34,-0.26,-0.05,6.62,6.62,6.62
124.79,6.89,0.28,6.89,0.28,-0.28,-0.23,-0.03,6.62,6.62,6.62
126.03,6.83,0.21,6.83,0.21,-0.21,-0.19,-0.01,6.62,6.62,6.62
127.29,6.77,0.14,6.77,0.14,-0.15,-0.16,0.02,6.62,6.62,6.62
128.57,6.70,0.09,6.70,0.09,-0.09,-0.13,0.04,6.61,6.61,6.62
129.85,6.63,0.04,6.63,0.04,-0.04,-0.09,0.06,6.59,6.59,6.60
131.15,6.57,-0.01,6.57,-0.01,-0.00,-0.06,0.09,6.56,6.56,6.57
132.46,6.50,-0.04,6.50,-0.04,0.03,-0.03,0.11,6.53,6.53,6.54
133.79,6.44,-0.07,6.44,-0.06,0.05,0.00,0.14,6.49,6.49,6.50
135.12,6.37,-0.08,6.38,-0.08,0.07,0.03,0.16,6.45,6.45,6.45
136.48,6.31,-0.09,6.31,-0.09,0.09,0.06,0.19,6.41,6.41,6.40
137.84,6.25,-0.10,6.25,-0.10,0.11,0.10,0.22,6.36,6.36,6.35
139.22,6.19,-0.11,6.19,-0.11,0.13,0.13,0.24,6.31,6.31,6.30
140.61,6.12,-0.13,6.12,-0.13,0.15,0.16,0.27,6.26,6.26,6.25
142.02,6.04,-0.16,6.04,-0.16,0.17,0.19,0.30,6.21,6.21,6.21
143.44,5.97,-0.20,5.97,-0.20,0.19,0.22,0.33,6.16,6.16,6.16
144.87,5.89,-0.23,5.89,-0.23,0.22,0.25,0.36,6.11,6.11,6.12
146.32,5.82,-0.26,5.82,-0.26,0.25,0.27,0.39,6.07,6.07,6.08
147.78,5.75,-0.28,5.76,-0.28,0.28,0.30,0.43,6.03,6.03,6.04
149.26,5.69,-0.31,5.69,-0.31,0.31,0.33,0.46,5.99,6.00,6.00
150.75,5.62,-0.33,5.62,-0.33,0.34,0.36,0.49,5.96,5.96,5.96
152.26,5.56,-0.36,5.56,-0.36,0.37,0.39,0.53,5.93,5.93,5.92
153.78,5.50,-0.39,5.50,-0.39,0.40,0.42,0.56,5.89,5.89,5.89
155.32,5.43,-0.43,5.43,-0.43,0.43,0.44,0.59,5.86,5.86,5.86
156.88,5.37,-0.47,5.37,-0.47,0.47,0.47,0.63,5.84,5.84,5.83
158.44,5.31,-0.50,5.31,-0.50,0.50,0.50,0.67,5.81,5.81,5.81
160.03,5.24,-0.54,5.24,-0.54,0.54,0.53,0.70,5.78,5.78,5.78
161.63,5.18,-0.58,5.18,-0.58,0.57,0.55,0.74,5.75,5.75,5.76
163.24,5.12,-0.61,5.12,-0.61,0.60,0.58,0.78,5.72,5.72,5.72
164.88,5.06,-0.63,5.06,-0.63,0.62,0.61,0.82,5.68,5.68,5.69
166.53,5.00,-0.65,5.00,-0.65,0.65,0.63,0.86,5.64,5.64,5.65
168.19,4.93,-0.66,4.93,-0.66,0.67,0.66,0.90,5.60,5.60,5.60
169.87,4.87,-0.68,4.87,-0.68,0.68,0.68,0.95,5.56,5.56,5.55
171.57,4.80,-0.70,4.80,-0.70,0.70,0.71,0.99,5.51,5.51,5.50
173.29,4.74,-0.72,4.74,-0.72,0.72,0.73,1.03,5.46,5.46,5.45
175.02,4.66,-0.74,4.67,-0.74,0.74,0.76,1.08,5.41,5.41,5.40
176.77,4.60,-0.76,4.60,-0.76,0.76,0.79,1.12,5.36,5.36,5.36
178.54,4.53,-0.79,4.53,-0.79,0.79,0.81,1.17,5.31,5.31,5.31
180.32,4.46,-0.81,4.46,-0.81,0.81,0.84,1.22,5.27,5.27,5.27
182.13,4.38,-0.84,4.38,-0.84,0.84,0.86,1.27,5.22,5.22,5.22
183.95,4.31,-0.87,4.31,-0.87,0.86,0.88,1.31,5.17,5.17,5.18
185.79,4.23,-0.90,4.23,-0.90,0.89,0.91,1.36,5.13,5.13,5.14
187.65,4.16,-0.94,4.16,-0.93,0.93,0.93,1.42,5.09,5.09,5.09
189.52,4.09,-0.96,4.09,-0.96,0.97,0.96,1.47,5.07,5.07,5.06
191.42,4.02,-1.00,4.02,-1.00,1.03,0.98,1.52,5.05,5.05,5.02
193.33,3.94,-1.04,3.94,-1.05,1.08,1.01,1.57,5.02,5.02,4.99
195.27,3.85,-1.10,3.84,-1.11,1.13,1.03,1.63,4.98,4.97,4.95
197.22,3.73,-1.19,3.73,-1.19,1.18,1.05,1.68,4.91,4.91,4.92
199.19,3.62,-1.26,3.63,-1.25,1.21,1.08,1.73,4.84,4.84,4.88
201.18,3.55,-1.29,3.55,-1.29,1.24,1.10,1.79,4.79,4.79,4.84
203.19,3.50,-1.30,3.50,-1.30,1.26,1.13,1.84,4.76,4.77,4.80
205.23,3.48,-1.28,3.47,-1.28,1.28,1.15,1.90,4.75,4.75,4.75
207.28,3.46,-1.25,3.45,-1.26,1.28,1.17,1.95,4.73,4.73,4.71
209.35,3.43,-1.24,3.42,-1.24,1.27,1.20,2.01,4.70,4.69,4.66
211.44,3.38,-1.23,3.38,-1.23,1.26,1.22,2.06,4.64,4.64,4.62
213.56,3.34,-1.24,3.34,-1.23,1.24,1.24,2.11,4.58,4.58,4.57
215.69,3.29,-1.23,3.29,-1.24,1.23,1.27,2.17,4.52,4.52,4.53
217.85,3.25,-1.23,3.25,-1.23,1.21,1.29,2.22,4.46,4.47,4.48
220.03,3.22,-1.22,3.22,-1.22,1.20,1.31,2.27,4.42,4.42,4.44
222.23,3.20,-1.20,3.20,-1.20,1.19,1.33,2.32,4.39,4.39,4.40
224.45,3.18,-1.17,3.18,-1.17,1.18,1.36,2.36,4.35,4.35,4.35
226.70,3.15,-1.15,3.15,-1.15,1.16,1.38,2.41,4.31,4.31,4.31
228.96,3.12,-1.14,3.12,-1.14,1.15,1.40,2.45,4.27,4.27,4.26
231.25,3.07,-1.13,3.07,-1.13,1.14,1.42,2.49,4.22,4.22,4.21
233.57,3.02,-1.14,3.02,-1.14,1.14,1.45,2.52,4.16,4.16,4.16
235.90,2.97,-1.14,2.97,-1.14,1.14,1.47,2.55,4.11,4.11,4.11
238.26,2.90,-1.16,2.90,-1.15,1.15,1.49,2.59,4.06,4.06,4.06
240.64,2.84,-1.17,2.84,-1.17,1.17,1.51,2.61,4.01,4.01,4.01
243.05,2.78,-1.20,2.78,-1.20,1.19,1.54,2.63,3.97,3.97,3.97
245.48,2.72,-1.23,2.72,-1.22,1.23,1.56,2.65,3.94,3.95,3.94
247.93,2.66,-1.26,2.66,-1.26,1.27,1.58,2.67,3.93,3.93,3.92
250.41,2.60,-1.31,2.60,-1.31,1.33,1.60,2.68,3.92,3.92,3.90
252.92,2.54,-1.37,2.54,-1.37,1.39,1.62,2.69,3.92,3.92,3.91
255.45,2.48,-1.44,2.48,-1.44,1.45,1.64,2.69,3.93,3.93,3.92
258.00,2.42,-1.52,2.42,-1.52,1.52,1.66,2.69,3.94,3.94,3.94
260.58,2.36,-1.60,2.36,-1.60,1.59,1.68,2.69,3.95,3.95,3.96
263.19,2.29,-1.68,2.30,-1.67,1.66,1.70,2.68,3.95,3.95,3.97
265.82,2.24,-1.73,2.24,-1.73,1.72,1.73,2.67,3.95,3.95,3.97
268.48,2.18,-1.78,2.18,-1.78,1.77,1.75,2.66,3.95,3.95,3.96
271.16,2.12,-1.82,2.12,-1.82,1.81,1.77,2.64,3.94,3.94,3.94
273.87,2.07,-1.85,2.07,-1.85,1.85,1.79,2.63,3.91,3.91,3.91
276.61,2.01,-1.87,2.01,-1.87,1.87,1.81,2.60,3.88,3.88,3.88
279.38,1.95,-1.89,1.95,-1.89,1.90,1.83,2.58,3.85,3.85,3.85
282.17,1.90,-1.91,1.90,-1.91,1.91,1.85,2.56,3.81,3.81,3.81
284.99,1.84,-1.92,1.84,-1.92,1.93,1.86,2.53,3.77,3.77,3.77
287.84,1.79,-1.94,1.79,-1.94,1.94,1.88,2.50,3.73,3.73,3.73
290.72,1.73,-1.95,1.73,-1.95,1.95,1.90,2.48,3.68,3.69,3.69
293.63,1.68,-1.96,1.68,-1.96,1.96,1.92,2.45,3.65,3.65,3.65
296.57,1.63,-1.98,1.63,-1.98,1.98,1.94,2.42,3.61,3.61,3.61
299.53,1.58,-1.99,1.58,-1.99,1.99,1.96,2.39,3.57,3.57,3.57
302.53,1.53,-2.00,1.53,-2.00,2.01,1.98,2.36,3.53,3.53,3.53
305.55,1.47,-2.02,1.47,-2.02,2.02,1.99,2.33,3.49,3.49,3.49
308.61,1.42,-2.04,1.42,-2.04,2.04,2.01,2.30,3.45,3.45,3.45
311.69,1.36,-2.05,1.36,-2.05,2.05,2.03,2.27,3.41,3.41,3.41
314.81,1.31,-2.07,1.31,-2.07,2.07,2.04,2.24,3.38,3.38,3.38
317.96,1.25,-2.09,1.25,-2.09,2.09,2.06,2.21,3.34,3.34,3.34
321.14,1.20,-2.10,1.20,-2.10,2.10,2.08,2.19,3.30,3.30,3.30
324.35,1.15,-2.12,1.15,-2.12,2.12,2.09,2.16,3.27,3.27,3.27
327.59,1.10,-2.14,1.10,-2.14,2.13,2.11,2.14,3.23,3.23,3.23
330.87,1.05,-2.15,1.05,-2.15,2.15,2.12,2.11,3.20,3.20,3.20
334.18,1.00,-2.16,1.00,-2.16,2.16,2.14,2.09,3.17,3.17,3.17
337.52,0.96,-2.18,0.96,-2.18,2.18,2.15,2.07,3.13,3.13,3.13
340.90,0.91,-2.19,0.91,-2.19,2.19,2.17,2.05,3.10,3.10,3.10
344.30,0.86,-2.20,0.86,-2.20,2.20,2.18,2.04,3.06,3.06,3.06
347.75,0.82,-2.21,0.82,-2.21,2.22,2.20,2.02,3.03,3.03,3.03
351.23,0.77,-2.23,0.77,-2.23,2.23,2.21,2.01,3.00,3.00,3.00
354.74,0.72,-2.24,0.72,-2.24,2.24,2.22,1.99,2.96,2.96,2.96
358.28,0.68,-2.25,0.68,-2.25,2.25,2.23,1.98,2.93,2.93,2.93
361.87,0.63,-2.27,0.63,-2.27,2.26,2.25,1.97,2.90,2.90,2.90
365.49,0.59,-2.28,0.59,-2.28,2.28,2.26,1.97,2.87,2.87,2.87
369.14,0.55,-2.29,0.55,-2.29,2.29,2.27,1.96,2.83,2.83,2.83
372.83,0.50,-2.30,0.50,-2.30,2.30,2.28,1.96,2.80,2.80,2.80
376.56,0.46,-2.31,0.46,-2.31,2.31,2.29,1.95,2.77,2.77,2.77
380.33,0.42,-2.32,0.42,-2.32,2.32,2.30,1.95,2.74,2.74,2.74
384.13,0.38,-2.33,0.38,-2.33,2.33,2.31,1.95,2.71,2.71,2.71
387.97,0.34,-2.34,0.34,-2.34,2.34,2.32,1.95,2.68,2.68,2.68
391.85,0.30,-2.35,0.30,-2.35,2.35,2.33,1.95,2.65,2.65,2.65
395.77,0.25,-2.36,0.25,-2.36,2.36,2.34,1.96,2.62,2.62,2.61
399.73,0.21,-2.37,0.21,-2.37,2.37,2.34,1.96,2.58,2.58,2.58
403.72,0.17,-2.38,0.17,-2.38,2.38,2.35,1.97,2.55,2.55,2.55
407.76,0.13,-2.40,0.13,-2.40,2.39,2.36,1.98,2.52,2.52,2.52
411.84,0.09,-2.41,0.09,-2.41,2.41,2.36,1.98,2.49,2.49,2.49
415.96,0.05,-2.42,0.05,-2.42,2.42,2.37,1.99,2.46,2.46,2.46
420.12,0.00,-2.43,0.00,-2.43,2.43,2.38,2.00,2.43,2.43,2.43
424.32,-0.04,-2.44,-0.04,-2.44,2.44,2.38,2.01,2.40,2.40,2.40
428.56,-0.08,-2.45,-0.08,-2.45,2.44,2.38,2.02,2.37,2.37,2.37
432.85,-0.11,-2.45,-0.11,-2.45,2.45,2.39,2.03,2.34,2.34,2.34
437.18,-0.15,-2.46,-0.15,-2.46,2.46,2.39,2.04,2.31,2.31,2.31
441.55,-0.18,-2.47,-0.18,-2.47,2.47,2.39,2.05,2.28,2.28,2.28
445.96,-0.22,-2.47,-0.22,-2.47,2.47,2.40,2.06,2.25,2.25,2.25
450.42,-0.25,-2.47,-0.26,-2.47,2.48,2.40,2.07,2.22,2.22,2.22
454.93,-0.29,-2.48,-0.29,-2.48,2.48,2.40,2.08,2.19,2.19,2.19
459.48,-0.33,-2.49,-0.33,-2.48,2.49,2.40,2.09,2.16,2.16,2.16
464.07,-0.36,-2.49,-0.36,-2.49,2.49,2.40,2.10,2.13,2.13,2.13
468.71,-0.40,-2.49,-0.40,-2.49,2.50,2.40,2.10,2.10,2.10,2.10
473.40,-0.43,-2.50,-0.43,-2.50,2.50,2.40,2.11,2.07,2.07,2.07
478.13,-0.47,-2.51,-0.47,-2.51,2.51,2.40,2.11,2.04,2.04,2.04
482.91,-0.50,-2.51,-0.50,-2.51,2.51,2.39,2.12,2.01,2.01,2.01
487.74,-0.54,-2.52,-0.54,-2.52,2.52,2.39,2.12,1.98,1.98,1.98
492.62,-0.57,-2.52,-0.57,-2.52,2.52,2.39,2.12,1.95,1.95,1.95
497.55,-0.60,-2.52,-0.60,-2.52,2.52,2.38,2.12,1.92,1.92,1.92
502.52,-0.63,-2.52,-0.63,-2.52,2.52,2.38,2.12,1.89,1.89,1.89
507.55,-0.66,-2.52,-0.66,-2.52,2.52,2.37,2.11,1.86,1.86,1.86
512.62,-0.69,-2.52,-0.69,-2.52,2.52,2.37,2.11,1.83,1.83,1.84
517.75,-0.72,-2.52,-0.72,-2.52,2.52,2.36,2.10,1.81,1.81,1.81
522.93,-0.74,-2.52,-0.74,-2.52,2.52,2.36,2.09,1.78,1.78,1.78
528.16,-0.77,-2.51,-0.77,-2.51,2.52,2.35,2.08,1.75,1.75,1.75
533.44,-0.79,-2.51,-0.79,-2.51,2.51,2.34,2.07,1.72,1.72,1.72
538.77,-0.82,-2.51,-0.82,-2.51,2.51,2.33,2.06,1.69,1.69,1.69
544.16,-0.84,-2.50,-0.84,-2.50,2.50,2.32,2.05,1.66,1.66,1.66
549.60,-0.86,-2.50,-0.86,-2.50,2.50,2.31,2.04,1.63,1.63,1.63
555.10,-0.89,-2.49,-0.89,-2.49,2.49,2.30,2.02,1.60,1.60,1.60
560.65,-0.91,-2.48,-0.91,-2.48,2.48,2.29,2.01,1.58,1.58,1.58
566.25,-0.93,-2.48,-0.93,-2.48,2.48,2.28,1.99,1.55,1.55,1.55
571.92,-0.95,-2.47,-0.95,-2.47,2.47,2.27,1.98,1.52,1.52,1.52
577.64,-0.97,-2.46,-0.97,-2.46,2.46,2.26,1.96,1.49,1.49,1.49
583.41,-0.99,-2.46,-0.99,-2.46,2.46,2.25,1.95,1.46,1.46,1.46
589.25,-1.01,-2.45,-1.01,-2.45,2.45,2.23,1.93,1.44,1.44,1.44
595.14,-1.03,-2.44,-1.03,-2.44,2.44,2.22,1.92,1.41,1.41,1.41
601.09,-1.05,-2.43,-1.05,-2.43,2.43,2.21,1.90,1.38,1.38,1.38
607.10,-1.07,-2.42,-1.07,-2.42,2.42,2.19,1.89,1.35,1.35,1.35
613.17,-1.08,-2.41,-1.08,-2.41,2.41,2.18,1.88,1.33,1.33,1.33
619.30,-1.09,-2.40,-1.09,-2.40,2.40,2.16,1.87,1.30,1.30,1.30
625.50,-1.11,-2.38,-1.11,-2.38,2.38,2.15,1.86,1.28,1.28,1.28
631.75,-1.12,-2.37,-1.12,-2.37,2.37,2.13,1.85,1.25,1.25,1.25
638.07,-1.13,-2.36,-1.13,-2.36,2.36,2.11,1.84,1.23,1.23,1.23
644.45,-1.15,-2.35,-1.15,-2.35,2.35,2.10,1.83,1.20,1.20,1.20
650.89,-1.16,-2.33,-1.16,-2.33,2.33,2.08,1.83,1.17,1.17,1.18
657.40,-1.17,-2.32,-1.17,-2.32,2.32,2.06,1.82,1.15,1.15,1.15
663.98,-1.18,-2.31,-1.18,-2.31,2.31,2.05,1.82,1.13,1.13,1.13
670.62,-1.19,-2.29,-1.19,-2.29,2.29,2.03,1.82,1.10,1.10,1.10
677.32,-1.19,-2.28,-1.19,-2.28,2.28,2.01,1.82,1.08,1.08,1.08
684.10,-1.20,-2.26,-1.20,-2.26,2.26,1.99,1.82,1.06,1.06,1.06
690.94,-1.21,-2.24,-1.21,-2.24,2.24,1.98,1.82,1.04,1.04,1.04
697.85,-1.21,-2.23,-1.21,-2.23,2.22,1.96,1.82,1.02,1.02,1.02
704.83,-1.21,-2.21,-1.21,-2.21,2.21,1.94,1.83,1.00,1.00,1.00
711.87,-1.21,-2.19,-1.21,-2.19,2.19,1.92,1.84,0.98,0.98,0.98
718.99,-1.21,-2.17,-1.21,-2.17,2.17,1.91,1.85,0.96,0.96,0.96
726.18,-1.21,-2.15,-1.21,-2.15,2.15,1.89,1.86,0.94,0.94,0.94
733.44,-1.20,-2.13,-1.20,-2.13,2.13,1.87,1.87,0.92,0.92,0.92
740.78,-1.20,-2.10,-1.20,-2.10,2.10,1.85,1.88,0.91,0.91,0.91
748.19,-1.19,-2.08,-1.19,-2.08,2.08,1.83,1.90,0.89,0.89,0.89
755.67,-1.18,-2.06,-1.18,-2.06,2.06,1.82,1.91,0.88,0.88,0.88
763.23,-1.17,-2.03,-1.17,-2.03,2.04,1.80,1.93,0.86,0.87,0.86
770.86,-1.16,-2.01,-1.16,-2.01,2.01,1.78,1.95,0.85,0.85,0.85
778.57,-1.14,-1.99,-1.14,-1.99,1.99,1.77,1.97,0.84,0.84,0.84
786.35,-1.13,-1.96,-1.13,-1.96,1.96,1.75,1.99,0.83,0.83,0.83
794.22,-1.11,-1.94,-1.11,-1.94,1.93,1.73,2.01,0.83,0.83,0.83
802.16,-1.09,-1.91,-1.09,-1.91,1.91,1.72,2.03,0.82,0.82,0.82
810.18,-1.07,-1.88,-1.07,-1.88,1.88,1.70,2.05,0.81,0.81,0.81
818.28,-1.04,-1.85,-1.04,-1.85,1.85,1.69,2.07,0.81,0.81,0.81
826.46,-1.01,-1.82,-1.01,-1.82,1.82,1.67,2.09,0.81,0.81,0.81
834.73,-0.98,-1.79,-0.98,-1.79,1.79,1.66,2.11,0.81,0.81,0.81
843.08,-0.95,-1.76,-0.95,-1.76,1.76,1.65,2.13,0.81,0.81,0.81
851.51,-0.91,-1.73,-0.91,-1.73,1.73,1.63,2.15,0.82,0.82,0.82
860.02,-0.88,-1.70,-0.88,-1.70,1.70,1.62,2.17,0.82,0.82,0.82
868.62,-0.84,-1.67,-0.84,-1.67,1.67,1.60,2.19,0.83,0.83,0.83
877.31,-0.79,-1.64,-0.79,-1.64,1.64,1.59,2.20,0.84,0.84,0.84
886.08,-0.75,-1.61,-0.75,-1.61,1.61,1.58,2.22,0.85,0.86,0.86
894.94,-0.70,-1.57,-0.70,-1.57,1.57,1.56,2.23,0.87,0.87,0.87
903.89,-0.65,-1.54,-0.65,-1.54,1.54,1.55,2.23,0.89,0.89,0.89
912.93,-0.60,-1.51,-0.60,-1.51,1.51,1.53,2.24,0.91,0.91,0.91
922.06,-0.54,-1.47,-0.54,-1.47,1.47,1.52,2.24,0.93,0.93,0.93
931.28,-0.48,-1.44,-0.48,-1.44,1.44,1.50,2.24,0.95,0.95,0.95
940.59,-0.42,-1.40,-0.42,-1.40,1.40,1.48,2.23,0.98,0.98,0.98
950.00,-0.36,-1.37,-0.36,-1.37,1.37,1.46,2.22,1.00,1.00,1.00
959.50,-0.30,-1.33,-0.30,-1.33,1.33,1.43,2.20,1.03,1.03,1.03
969.09,-0.23,-1.29,-0.23,-1.29,1.29,1.41,2.18,1.07,1.07,1.07
978.78,-0.16,-1.26,-0.16,-1.26,1.26,1.38,2.15,1.10,1.10,1.10
988.57,-0.09,-1.22,-0.09,-1.22,1.22,1.35,2.12,1.13,1.13,1.13
998.46,-0.01,-1.18,-0.01,-1.18,1.18,1.31,2.08,1.17,1.17,1.17
1008.44,0.07,-1.14,0.06,-1.14,1.14,1.28,2.04,1.21,1.21,1.21
1018.53,0.14,-1.10,0.14,-1.10,1.10,1.23,1.99,1.25,1.25,1.25
1028.71,0.22,-1.06,0.22,-1.06,1.06,1.19,1.94,1.29,1.29,1.29
1039.00,0.30,-1.02,0.30,-1.02,1.02,1.14,1.88,1.32,1.33,1.32
1049.39,0.38,-0.98,0.38,-0.98,0.98,1.09,1.82,1.36,1.36,1.36
1059.88,0.47,-0.93,0.47,-0.93,0.93,1.03,1.74,1.40,1.40,1.40
1070.48,0.55,-0.89,0.55,-0.89,0.89,0.96,1.67,1.44,1.44,1.44
1081.19,0.64,-0.83,0.64,-0.83,0.84,0.89,1.59,1.47,1.47,1.47
1092.00,0.73,-0.78,0.73,-0.78,0.78,0.82,1.50,1.51,1.51,1.51
1102.92,0.81,-0.72,0.81,-0.72,0.72,0.75,1.41,1.54,1.54,1.54
1113.95,0.90,-0.66,0.90,-0.66,0.66,0.67,1.32,1.57,1.57,1.57
1125.09,0.99,-0.60,0.99,-0.60,0.60,0.58,1.22,1.59,1.59,1.59
1136.34,1.08,-0.53,1.08,-0.53,0.53,0.50,1.12,1.61,1.61,1.61
1147.70,1.17,-0.46,1.17,-0.46,0.45,0.41,1.02,1.63,1.63,1.63
1159.18,1.26,-0.37,1.26,-0.38,0.37,0.32,0.91,1.64,1.64,1.64
1170.77,1.35,-0.29,1.35,-0.29,0.29,0.22,0.80,1.64,1.64,1.65
1182.48,1.45,-0.20,1.45,-0.20,0.20,0.12,0.69,1.65,1.65,1.65
1194.30,1.54,-0.11,1.54,-0.11,0.11,0.03,0.57,1.64,1.64,1.65
1206.25,1.63,-0.01,1.63,-0.01,0.01,-0.07,0.45,1.64,1.64,1.64
1218.31,1.72,0.09,1.72,0.09,-0.09,-0.17,0.33,1.63,1.63,1.63
1230.49,1.82,0.19,1.82,0.19,-0.19,-0.28,0.21,1.62,1.62,1.62
1242.80,1.91,0.30,1.91,0.30,-0.30,-0.38,0.09,1.61,1.61,1.61
1255.22,2.00,0.40,2.00,0.40,-0.40,-0.48,-0.04,1.60,1.60,1.60
1267.78,2.09,0.50,2.09,0.50,-0.50,-0.58,-0.17,1.60,1.60,1.60
1280.45,2.19,0.60,2.19,0.59,-0.59,-0.68,-0.29,1.60,1.60,1.59
1293.26,2.28,0.69,2.28,0.69,-0.68,-0.78,-0.42,1.60,1.60,1.60
1306.19,2.38,0.77,2.38,0.77,-0.77,-0.89,-0.55,1.60,1.60,1.60
1319.25,2.47,0.86,2.47,0.86,-0.85,-0.98,-0.69,1.62,1.62,1.61
1332.45,2.56,0.93,2.56,0.93,-0.93,-1.08,-0.82,1.63,1.63,1.63
1345.77,2.66,1.00,2.66,1.01,-1.00,-1.18,-0.95,1.65,1.65,1.65
1359.23,2.75,1.07,2.75,1.07,-1.07,-1.28,-1.09,1.68,1.68,1.68
1372.82,2.85,1.14,2.85,1.14,-1.14,-1.37,-1.23,1.71,1.71,1.71
1386.55,2.95,1.20,2.95,1.20,-1.20,-1.47,-1.37,1.75,1.75,1.75
1400.41,3.05,1.26,3.05,1.26,-1.26,-1.56,-1.51,1.78,1.78,1.78
1414.42,3.15,1.33,3.15,1.33,-1.33,-1.65,-1.65,1.83,1.82,1.83
1428.56,3.26,1.39,3.26,1.39,-1.39,-1.74,-1.79,1.87,1.87,1.87
1442.85,3.36,1.45,3.36,1.45,-1.45,-1.83,-1.93,1.91,1.91,1.91
1457.28,3.47,1.52,3.47,1.52,-1.52,-1.92,-2.08,1.95,1.95,1.95
1471.85,3.58,1.59,3.58,1.59,-1.59,-2.01,-2.22,1.99,1.99,1.99
1486.57,3.69,1.66,3.69,1.66,-1.66,-2.09,-2.37,2.03,2.03,2.03
1501.43,3.81,1.73,3.81,1.74,-1.74,-2.18,-2.52,2.07,2.07,2.08
1516.45,3.93,1.82,3.93,1.82,-1.82,-2.26,-2.67,2.11,2.11,2.11
1531.61,4.05,1.90,4.05,1.90,-1.90,-2.34,-2.82,2.15,2.15,2.15
1546.93,4.18,2.00,4.18,2.00,-2.00,-2.42,-2.97,2.18,2.18,2.18
1562.40,4.31,2.09,4.31,2.09,-2.09,-2.50,-3.12,2.22,2.22,2.22
1578.02,4.45,2.20,4.45,2.20,-2.20,-2.58,-3.27,2.25,2.25,2.25
1593.80,4.59,2.31,4.59,2.31,-2.31,-2.65,-3.43,2.28,2.28,2.28
1609.74,4.73,2.42,4.73,2.42,-2.43,-2.73,-3.58,2.31,2.31,2.31
1625.84,4.89,2.54,4.89,2.54,-2.55,-2.80,-3.73,2.34,2.34,2.34
1642.10,5.05,2.67,5.05,2.67,-2.68,-2.87,-3.89,2.37,2.37,2.38
1658.52,5.21,2.80,5.21,2.80,-2.81,-2.94,-4.04,2.40,2.40,2.41
1675.10,5.37,2.93,5.38,2.93,-2.94,-3.01,-4.19,2.44,2.44,2.44
1691.85,5.54,3.07,5.54,3.07,-3.06,-3.08,-4.34,2.48,2.48,2.47
1708.77,5.70,3.19,5.70,3.19,-3.18,-3.15,-4.48,2.52,2.52,2.51
1725.86,5.85,3.31,5.85,3.31,-3.28,-3.21,-4.63,2.57,2.56,2.54
1743.12,5.98,3.41,5.98,3.41,-3.38,-3.28,-4.77,2.60,2.60,2.57
1760.55,6.10,3.49,6.10,3.49,-3.47,-3.34,-4.91,2.63,2.63,2.61
1778.15,6.20,3.56,6.20,3.56,-3.55,-3.40,-5.04,2.66,2.65,2.64
1795.94,6.30,3.62,6.30,3.62,-3.63,-3.46,-5.17,2.67,2.67,2.68
1813.90,6.41,3.69,6.41,3.69,-3.72,-3.52,-5.28,2.69,2.69,2.71
1832.03,6.53,3.78,6.53,3.78,-3.82,-3.58,-5.40,2.71,2.71,2.75
1850.36,6.67,3.89,6.68,3.89,-3.93,-3.63,-5.50,2.74,2.75,2.79
1868.86,6.86,4.03,6.86,4.03,-4.06,-3.69,-5.60,2.79,2.79,2.83
1887.55,7.06,4.19,7.05,4.19,-4.21,-3.74,-5.68,2.85,2.85,2.87
1906.42,7.27,4.36,7.27,4.36,-4.36,-3.80,-5.76,2.91,2.91,2.91
1925.49,7.48,4.53,7.48,4.53,-4.51,-3.85,-5.82,2.97,2.97,2.95
1944.74,7.68,4.68,7.68,4.68,-4.65,-3.90,-5.88,3.03,3.03,2.99
1964.19,7.86,4.82,7.85,4.81,-4.78,-3.95,-5.92,3.08,3.08,3.04
1983.83,8.01,4.92,8.01,4.92,-4.88,-3.99,-5.95,3.12,3.12,3.09
2003.67,8.14,5.00,8.13,5.00,-4.98,-4.04,-5.97,3.16,3.16,3.13
2023.71,8.24,5.06,8.24,5.06,-5.05,-4.08,-5.97,3.19,3.19,3.18
2043.94,8.35,5.11,8.35,5.11,-5.12,-4.13,-5.96,3.23,3.23,3.24
2064.38,8.45,5.16,8.45,5.16,-5.18,-4.17,-5.94,3.27,3.27,3.29
2085.03,8.56,5.22,8.57,5.22,-5.25,-4.21,-5.91,3.31,3.32,3.34
2105.88,8.70,5.30,8.70,5.30,-5.32,-4.25,-5.87,3.37,3.37,3.40
2126.94,8.84,5.39,8.85,5.39,-5.41,-4.28,-5.81,3.43,3.44,3.45
2148.20,9.01,5.50,9.01,5.50,-5.51,-4.32,-5.75,3.50,3.50,3.51
2169.69,9.19,5.61,9.18,5.61,-5.62,-4.35,-5.67,3.57,3.57,3.57
2191.38,9.36,5.73,9.37,5.73,-5.73,-4.39,-5.59,3.63,3.63,3.63
2213.30,9.55,5.86,9.55,5.86,-5.85,-4.42,-5.50,3.70,3.70,3.69
2235.43,9.73,5.98,9.73,5.98,-5.98,-4.45,-5.41,3.76,3.76,3.75
2257.78,9.92,6.10,9.92,6.10,-6.10,-4.47,-5.30,3.82,3.82,3.82
2280.36,10.10,6.21,10.10,6.21,-6.21,-4.50,-5.20,3.88,3.88,3.88
2303.17,10.27,6.32,10.27,6.32,-6.32,-4.52,-5.08,3.95,3.95,3.95
2326.20,10.43,6.42,10.43,6.42,-6.42,-4.55,-4.97,4.01,4.01,4.01
2349.46,10.59,6.51,10.59,6.51,-6.51,-4.57,-4.85,4.08,4.08,4.08
2372.95,10.73,6.58,10.73,6.59,-6.59,-4.59,-4.73,4.14,4.14,4.14
2396.68,10.86,6.65,10.85,6.65,-6.65,-4.61,-4.61,4.21,4.21,4.21
2420.65,10.97,6.69,10.96,6.69,-6.69,-4.62,-4.49,4.27,4.27,4.27
2444.86,11.05,6.72,11.06,6.72,-6.72,-4.64,-4.36,4.34,4.34,4.34
2469.31,11.13,6.73,11.13,6.73,-6.72,-4.65,-4.24,4.41,4.41,4.40
2494.00,11.18,6.71,11.17,6.71,-6.70,-4.66,-4.11,4.48,4.47,4.47
2518.94,11.20,6.66,11.20,6.66,-6.66,-4.67,-3.99,4.54,4.55,4.54
2544.13,11.21,6.60,11.21,6.60,-6.59,-4.68,-3.87,4.62,4.62,4.61
2569.57,11.20,6.50,11.20,6.50,-6.50,-4.68,-3.75,4.70,4.70,4.70
2595.27,11.18,6.39,11.18,6.39,-6.39,-4.68,-3.63,4.79,4.80,4.79
2621.22,11.14,6.26,11.14,6.26,-6.25,-4.68,-3.51,4.89,4.89,4.89
2647.43,11.09,6.10,11.09,6.10,-6.10,-4.68,-3.39,4.99,4.99,4.99
2673.90,11.02,5.93,11.02,5.93,-5.93,-4.68,-3.27,5.09,5.10,5.09
2700.64,10.94,5.75,10.94,5.75,-5.75,-4.67,-3.16,5.20,5.20,5.20
2727.65,10.85,5.55,10.85,5.55,-5.55,-4.67,-3.05,5.30,5.30,5.30
2754.93,10.74,5.35,10.74,5.35,-5.36,-4.66,-2.94,5.39,5.39,5.39
2782.48,10.62,5.15,10.62,5.15,-5.15,-4.64,-2.83,5.47,5.47,5.47
2810.30,10.49,4.95,10.49,4.95,-4.95,-4.63,-2.72,5.54,5.54,5.54
2838.40,10.35,4.75,10.35,4.75,-4.75,-4.61,-2.62,5.60,5.60,5.60
2866.79,10.21,4.56,10.21,4.56,-4.56,-4.59,-2.52,5.65,5.65,5.66
2895.46,10.07,4.37,10.07,4.37,-4.38,-4.57,-2.42,5.69,5.69,5.70
2924.41,9.93,4.20,9.93,4.20,-4.21,-4.55,-2.32,5.72,5.72,5.73
2953.65,9.79,4.03,9.79,4.03,-4.05,-4.52,-2.22,5.74,5.74,5.76
2983.19,9.66,3.88,9.66,3.88,-3.89,-4.49,-2.13,5.77,5.77,5.78
3013.02,9.54,3.73,9.54,3.74,-3.74,-4.46,-2.03,5.80,5.80,5.80
3043.15,9.42,3.60,9.42,3.60,-3.58,-4.43,-1.94,5.84,5.84,5.82
3073.58,9.30,3.46,9.30,3.46,-3.42,-4.39,-1.86,5.87,5.87,5.84
3104.32,9.16,3.31,9.15,3.31,-3.26,-4.35,-1.77,5.90,5.89,5.85
3135.36,8.99,3.14,8.99,3.14,-3.10,-4.31,-1.68,5.90,5.89,5.85
3166.72,8.81,2.96,8.80,2.96,-2.94,-4.26,-1.60,5.87,5.86,5.84
3198.38,8.61,2.78,8.61,2.78,-2.80,-4.22,-1.52,5.81,5.82,5.83
3230.37,8.44,2.63,8.44,2.63,-2.68,-4.16,-1.44,5.76,5.76,5.81
3262.67,8.29,2.51,8.30,2.52,-2.59,-4.11,-1.37,5.71,5.71,5.78
3295.30,8.20,2.45,8.20,2.46,-2.53,-4.05,-1.29,5.67,5.68,5.74
3328.25,8.16,2.46,8.15,2.45,-2.50,-3.99,-1.22,5.66,5.66,5.70
3361.53,8.14,2.48,8.14,2.48,-2.49,-3.93,-1.15,5.64,5.64,5.65
3395.15,8.14,2.53,8.13,2.53,-2.51,-3.86,-1.08,5.63,5.63,5.61
3429.10,8.13,2.57,8.13,2.57,-2.53,-3.79,-1.01,5.60,5.60,5.56
3463.39,8.11,2.59,8.11,2.59,-2.54,-3.72,-0.95,5.57,5.57,5.52
3498.03,8.07,2.60,8.07,2.59,-2.55,-3.64,-0.89,5.52,5.52,5.48
3533.01,8.00,2.56,8.00,2.56,-2.54,-3.56,-0.83,5.46,5.46,5.44
3568.34,7.92,2.51,7.92,2.52,-2.51,-3.48,-0.78,5.41,5.41,5.40
3604.02,7.83,2.45,7.83,2.46,-2.47,-3.39,-0.73,5.36,5.36,5.37
3640.06,7.74,2.39,7.74,2.39,-2.41,-3.30,-0.68,5.32,5.33,5.35
3676.46,7.66,2.33,7.67,2.33,-2.35,-3.21,-0.63,5.32,5.32,5.33
3713.22,7.60,2.27,7.60,2.27,-2.27,-3.11,-0.59,5.33,5.33,5.33
3750.36,7.54,2.21,7.54,2.20,-2.19,-3.01,-0.55,5.35,5.35,5.34
3787.86,7.49,2.12,7.49,2.12,-2.11,-2.91,-0.52,5.38,5.38,5.37
3825.74,7.43,2.03,7.43,2.03,-2.02,-2.80,-0.49,5.41,5.41,5.41
3864.00,7.38,1.92,7.39,1.92,-1.93,-2.68,-0.46,5.45,5.46,5.46
3902.64,7.35,1.81,7.35,1.82,-1.83,-2.57,-0.44,5.52,5.52,5.54
3941.66,7.32,1.71,7.32,1.71,-1.73,-2.45,-0.42,5.59,5.59,5.61
3981.08,7.30,1.60,7.31,1.60,-1.62,-2.32,-0.41,5.68,5.68,5.70
4020.89,7.29,1.49,7.29,1.50,-1.50,-2.20,-0.40,5.79,5.79,5.79
4061.10,7.27,1.38,7.27,1.38,-1.36,-2.06,-0.39,5.91,5.91,5.89
4101.71,7.23,1.24,7.23,1.24,-1.20,-1.93,-0.39,6.03,6.03,5.99
4142.73,7.15,1.08,7.15,1.07,-1.01,-1.79,-0.39,6.14,6.14,6.08
4184.15,7.05,0.88,7.04,0.87,-0.81,-1.65,-0.40,6.24,6.23,6.17
4226.00,6.89,0.64,6.88,0.64,-0.60,-1.50,-0.41,6.29,6.29,6.24
4268.26,6.71,0.40,6.70,0.39,-0.39,-1.35,-0.43,6.32,6.31,6.31
4310.94,6.51,0.15,6.52,0.16,-0.21,-1.20,-0.45,6.31,6.31,6.36
4354.05,6.36,-0.03,6.36,-0.03,-0.06,-1.04,-0.47,6.30,6.31,6.39
4397.59,6.25,-0.15,6.25,-0.15,0.05,-0.89,-0.49,6.30,6.30,6.40
4441.56,6.17,-0.22,6.18,-0.20,0.11,-0.73,-0.52,6.29,6.30,6.39
4485.98,6.16,-0.18,6.16,-0.18,0.13,-0.57,-0.55,6.30,6.30,6.35
4530.84,6.17,-0.12,6.17,-0.12,0.12,-0.40,-0.59,6.29,6.29,6.29
4576.15,6.18,-0.04,6.18,-0.03,0.09,-0.24,-0.63,6.26,6.27,6.21
4621.91,6.17,0.04,6.15,0.03,0.05,-0.07,-0.67,6.21,6.20,6.13
4668.13,6.10,0.07,6.09,0.07,0.01,0.09,-0.71,6.10,6.09,6.02
4714.81,5.98,0.06,5.98,0.06,-0.02,0.26,-0.75,5.95,5.95,5.91
4761.96,5.84,0.04,5.84,0.04,-0.04,0.42,-0.80,5.80,5.80,5.80
4809.58,5.69,0.00,5.69,0.01,-0.05,0.58,-0.85,5.64,5.65,5.69
4857.67,5.55,-0.02,5.56,-0.01,-0.04,0.73,-0.90,5.52,5.52,5.57
4906.25,5.44,-0.02,5.44,-0.02,-0.02,0.89,-0.95,5.42,5.42,5.46
4955.31,5.32,-0.02,5.32,-0.02,0.01,1.03,-1.01,5.34,5.34,5.34
5004.87,5.20,-0.03,5.20,-0.03,0.05,1.17,-1.06,5.26,5.25,5.23
5054.91,5.04,-0.07,5.04,-0.07,0.11,1.31,-1.12,5.15,5.15,5.11
5105.46,4.86,-0.14,4.86,-0.14,0.18,1.43,-1.18,5.03,5.03,4.99
5156.52,4.64,-0.23,4.63,-0.24,0.27,1.54,-1.24,4.90,4.90,4.87
5208.08,4.38,-0.36,4.38,-0.36,0.37,1.65,-1.30,4.75,4.75,4.74
5260.16,4.10,-0.51,4.10,-0.50,0.50,1.74,-1.36,4.60,4.60,4.61
5312.77,3.81,-0.65,3.81,-0.65,0.63,1.83,-1.42,4.45,4.45,4.46
5365.89,3.52,-0.79,3.52,-0.79,0.77,1.89,-1.49,4.29,4.29,4.31
5419.55,3.22,-0.92,3.22,-0.92,0.91,1.95,-1.56,4.13,4.13,4.14
5473.75,2.93,-1.04,2.92,-1.05,1.04,1.98,-1.63,3.96,3.96,3.97
5528.49,2.63,-1.16,2.63,-1.17,1.15,2.01,-1.69,3.78,3.78,3.79
5583.77,2.33,-1.27,2.33,-1.28,1.26,2.02,-1.77,3.59,3.59,3.60
5639.61,2.04,-1.37,2.03,-1.38,1.36,2.03,-1.84,3.39,3.39,3.41
5696.00,1.74,-1.46,1.75,-1.47,1.45,2.01,-1.91,3.20,3.20,3.21
5752.96,1.46,-1.55,1.46,-1.56,1.54,1.99,-1.99,3.01,3.01,3.01
5810.49,1.18,-1.63,1.18,-1.65,1.65,1.95,-2.07,2.82,2.83,2.81
5868.60,0.89,-1.73,0.89,-1.75,1.76,1.91,-2.15,2.65,2.66,2.62
5927.28,0.58,-1.85,0.59,-1.87,1.90,1.86,-2.23,2.48,2.49,2.43
5986.56,0.25,-1.99,0.27,-2.03,2.09,1.80,-2.31,2.34,2.36,2.24
6046.42,-0.11,-2.18,-0.08,-2.22,2.33,1.73,-2.40,2.22,2.25,2.07
6106.89,-0.50,-2.41,-0.44,-2.45,2.57,1.66,-2.48,2.08,2.13,1.91
6167.96,-0.91,-2.67,-0.82,-2.72,2.81,1.59,-2.57,1.91,2.00,1.76
6229.64,-1.32,-2.95,-1.18,-3.00,3.02,1.51,-2.66,1.70,1.84,1.63
6291.93,-1.72,-3.24,-1.51,-3.28,3.17,1.43,-2.75,1.45,1.67,1.52
6354.85,-2.07,-3.51,-1.78,-3.55,3.26,1.35,-2.85,1.18,1.48,1.44
6418.40,-2.39,-3.76,-1.97,-3.78,3.26,1.28,-2.94,0.87,1.29,1.37
6482.58,-2.66,-3.99,-2.08,-3.97,3.19,1.20,-3.04,0.52,1.11,1.33
6547.41,-2.88,-4.20,-2.11,-4.13,3.04,1.13,-3.14,0.16,0.93,1.32
6612.88,-3.06,-4.39,-2.04,-4.24,2.82,1.06,-3.24,-0.24,0.78,1.34
6679.01,-3.18,-4.58,-1.89,-4.31,2.55,0.99,-3.34,-0.63,0.66,1.40
6745.80,-3.27,-4.77,-1.66,-4.34,2.26,0.93,-3.44,-1.01,0.59,1.49
6813.26,-3.34,-4.96,-1.37,-4.31,1.96,0.87,-3.54,-1.38,0.59,1.62
6881.39,-3.37,-5.17,-1.02,-4.23,1.69,0.81,-3.65,-1.68,0.66,1.80
6950.21,-3.37,-5.40,-0.65,-4.10,1.43,0.76,-3.75,-1.94,0.78,2.03
7019.71,-3.35,-5.65,-0.25,-3.90,1.17,0.71,-3.85,-2.18,0.92,2.30
7089.91,-3.29,-5.92,0.15,-3.65,0.91,0.67,-3.96,-2.38,1.06,2.63
7160.81,-3.17,-6.21,0.53,-3.34,0.65,0.62,-4.06,-2.52,1.18,3.04
7232.41,-3.00,-6.50,0.88,-3.00,0.39,0.57,-4.15,-2.60,1.27,3.50
7304.74,-2.77,-6.78,1.19,-2.61,0.14,0.52,-4.25,-2.63,1.33,4.02
7377.79,-2.45,-7.07,1.46,-2.21,-0.12,0.46,-4.34,-2.57,1.34,4.62
7451.56,-2.09,-7.35,1.68,-1.79,-0.38,0.40,-4.44,-2.47,1.30,5.27
7526.08,-1.69,-7.63,1.86,-1.37,-0.64,0.31,-4.52,-2.33,1.22,5.94
7601.34,-1.27,-7.90,2.00,-0.95,-0.90,0.23,-4.60,-2.17,1.10,6.63
7677.35,-0.85,-8.10,2.11,-0.52,-1.16,0.11,-4.68,-2.00,0.95,7.25
7754.13,-0.42,-8.26,2.20,-0.10,-1.41,-0.01,-4.75,-1.84,0.79,7.84
7831.67,0.02,-8.19,2.28,0.32,-1.67,-0.19,-4.81,-1.65,0.60,8.21
7909.98,0.52,-7.94,2.35,0.74,-1.93,-0.36,-4.87,-1.41,0.42,8.46
7989.08,1.09,-7.41,2.42,1.15,-2.19,-0.60,-4.92,-1.10,0.23,8.50
8068.98,1.84,-6.41,2.50,1.55,-2.45,-0.84,-4.96,-0.61,0.05,8.25
8149.67,2.68,-5.14,2.58,1.94,-2.71,-1.14,-5.00,-0.02,-0.13,7.83
8231.16,3.65,-3.56,2.66,2.32,-2.96,-1.45,-5.03,0.68,-0.30,7.21
8313.47,4.67,-1.76,2.75,2.69,-3.22,-1.83,-5.05,1.44,-0.47,6.42
8396.61,5.68,0.10,2.85,3.04,-3.48,-2.21,-5.07,2.20,-0.63,5.57
8480.57,6.60,1.95,2.95,3.38,-3.74,-2.65,-5.08,2.86,-0.79,4.65
8565.38,7.35,3.60,3.06,3.70,-4.00,-3.08,-5.09,3.35,-0.94,3.75
8651.03,7.93,5.06,3.16,4.02,-4.26,-3.57,-5.09,3.67,-1.09,2.87
8737.54,8.30,6.25,3.27,4.33,-4.51,-4.05,-5.08,3.79,-1.24,2.05
8824.92,8.43,7.10,3.38,4.62,-4.77,-4.56,-5.08,3.65,-1.40,1.33
8913.17,8.32,7.62,3.48,4.92,-5.03,-5.08,-5.07,3.29,-1.56,0.71
9002.30,8.15,8.02,3.57,5.20,-5.29,-5.60,-5.06,2.86,-1.72,0.13
9092.32,7.80,8.11,3.65,5.48,-5.55,-6.13,-5.05,2.25,-1.90,-0.32
9183.25,7.39,8.06,3.73,5.76,-5.81,-6.67,-5.03,1.58,-2.08,-0.68
9275.08,6.95,7.91,3.79,6.04,-6.06,-7.20,-5.02,0.89,-2.27,-0.96
9367.83,6.49,7.65,3.85,6.31,-6.32,-7.73,-5.01,0.16,-2.47,-1.17
9461.51,6.03,7.31,3.91,6.58,-6.58,-8.26,-5.00,-0.55,-2.67,-1.28
9556.12,5.60,6.93,3.96,6.84,-6.84,-8.78,-5.00,-1.24,-2.88,-1.32
9651.68,5.24,6.55,4.00,7.10,-7.10,-9.29,-5.00,-1.86,-3.10,-1.31
9748.20,4.96,6.21,4.04,7.36,-7.36,-9.80,-5.00,-2.40,-3.32,-1.25
9845.68,4.86,6.02,4.09,7.63,-7.63,-10.30,-5.00,-2.77,-3.54,-1.16
9944.14,4.89,5.97,4.13,7.89,-7.89,-10.79,-5.01,-3.00,-3.76,-1.08
10043.58,5.07,6.11,4.17,8.15,-8.16,-11.28,-5.02,-3.09,-3.99,-1.05
10144.02,5.35,6.42,4.14,8.43,-8.43,-11.74,-5.04,-3.08,-4.29,-1.06
10245.46,5.80,7.05,4.11,8.70,-8.70,-12.21,-5.06,-2.90,-4.59,-1.25
10347.91,6.31,7.88,4.08,8.98,-8.98,-12.66,-5.09,-2.66,-4.90,-1.56
10451.39,6.90,8.93,4.04,9.26,-9.25,-13.11,-5.12,-2.36,-5.21,-2.03
10555.91,7.52,10.24,4.00,9.53,-9.53,-13.54,-5.17,-2.02,-5.53,-2.73
10661.46,8.09,11.65,3.96,9.82,-9.82,-13.97,-5.21,-1.73,-5.86,-3.57
10768.08,8.59,13.13,3.91,10.10,-10.10,-14.38,-5.27,-1.51,-6.19,-4.54
10875.76,8.92,14.58,3.86,10.39,-10.39,-14.78,-5.33,-1.47,-6.52,-5.66
10984.52,9.02,15.89,3.81,10.67,-10.67,-15.17,-5.39,-1.66,-6.87,-6.88
11094.36,8.96,17.10,3.75,10.96,-10.96,-15.56,-5.47,-2.00,-7.21,-8.14
11205.31,8.68,18.14,3.69,11.25,-11.25,-15.93,-5.55,-2.57,-7.56,-9.46
11317.36,8.16,18.99,3.63,11.54,-11.54,-16.30,-5.64,-3.38,-7.92,-10.83
11430.53,7.57,19.80,3.56,11.84,-11.84,-16.65,-5.74,-4.27,-8.28,-12.23
11544.84,6.88,20.59,3.49,12.14,-12.14,-16.99,-5.84,-5.26,-8.64,-13.71
11660.29,6.16,21.42,3.42,12.43,-12.43,-17.32,-5.96,-6.28,-9.02,-15.27
11776.89,5.45,22.35,3.34,12.73,-12.73,-17.64,-6.08,-7.29,-9.39,-16.90
11894.66,4.84,23.57,3.26,13.04,-13.04,-17.95,-6.22,-8.20,-9.78,-18.73
12013.60,4.24,24.84,3.18,13.34,-13.34,-18.26,-6.36,-9.10,-10.16,-20.59
12133.74,3.74,26.09,3.09,13.65,-13.65,-18.55,-6.52,-9.91,-10.55,-22.35
12255.08,3.34,26.94,3.00,13.95,-13.95,-18.83,-6.68,-10.62,-10.95,-23.61
12377.63,2.99,27.33,2.91,14.26,-14.26,-19.10,-6.86,-11.27,-11.35,-24.34
12501.41,2.71,27.08,2.81,14.57,-14.57,-19.36,-7.05,-11.86,-11.76,-24.37
12626.42,2.49,26.31,2.71,14.89,-14.89,-19.61,-7.26,-12.40,-12.18,-23.82
12752.68,2.29,25.52,2.61,15.20,-15.20,-19.85,-7.47,-12.91,-12.59,-23.23
12880.21,2.10,24.82,2.50,15.52,-15.52,-20.07,-7.71,-13.42,-13.02,-22.72
13009.01,1.91,24.18,2.39,15.84,-15.84,-20.29,-7.96,-13.93,-13.45,-22.27
13139.10,1.72,23.54,2.28,16.16,-16.16,-20.50,-8.23,-14.44,-13.88,-21.82
13270.49,1.49,22.96,2.16,16.48,-16.48,-20.69,-8.52,-14.99,-14.32,-21.48
13403.20,1.24,22.39,2.04,16.81,-16.81,-20.87,-8.84,-15.56,-14.76,-21.15
13537.23,0.98,21.79,1.92,17.13,-17.13,-21.05,-9.17,-16.15,-15.21,-20.81
13672.60,0.73,21.17,1.79,17.46,-17.46,-21.21,-9.54,-16.73,-15.67,-20.45
13809.33,0.49,20.53,1.66,17.79,-17.79,-21.36,-9.92,-17.30,-16.13,-20.04
13947.42,0.31,19.86,1.53,18.12,-18.12,-21.49,-10.35,-17.82,-16.59,-19.55
14086.90,0.22,19.19,1.40,18.46,-18.46,-21.62,-10.80,-18.23,-17.06,-18.96
14227.77,0.20,18.52,1.26,18.79,-18.79,-21.72,-11.31,-18.59,-17.54,-18.32
14370.04,0.28,17.88,1.11,19.13,-19.13,-21.82,-11.85,-18.85,-18.02,-17.60
14513.74,0.49,17.28,0.97,19.47,-19.47,-21.90,-12.46,-18.98,-18.50,-16.79
14658.88,0.85,16.76,0.82,19.81,-19.81,-21.98,-13.10,-18.96,-18.99,-15.91
14805.47,1.24,16.27,0.66,20.15,-20.15,-22.03,-13.83,-18.91,-19.49,-15.03
14953.52,1.66,15.82,0.51,20.50,-20.50,-22.07,-14.60,-18.84,-19.99,-14.17
15103.06,1.97,15.40,0.35,20.84,-20.84,-22.09,-15.48,-18.88,-20.50,-13.43
15254.09,2.22,14.99,0.18,21.19,-21.19,-22.10,-16.40,-18.97,-21.01,-12.77
15406.63,2.18,14.63,0.02,21.54,-21.54,-22.09,-17.40,-19.36,-21.52,-12.45
15560.70,2.00,14.33,-0.15,21.90,-21.90,-22.07,-18.36,-19.89,-22.05,-12.33
15716.30,1.62,14.11,-0.32,22.25,-22.25,-22.02,-19.23,-20.63,-22.57,-12.49
15873.47,1.03,14.11,-0.50,22.61,-22.61,-21.97,-19.83,-21.58,-23.11,-13.08
16032.20,0.34,14.23,-0.68,22.96,-22.96,-21.88,-19.88,-22.63,-23.64,-13.89
16192.52,-0.50,14.61,-0.86,23.32,-23.32,-21.78,-19.60,-23.82,-24.19,-15.11
16354.45,-1.40,15.18,-1.05,23.69,-23.69,-21.65,-18.64,-25.09,-24.73,-16.58
16517.99,-2.35,15.86,-1.24,24.05,-24.05,-21.51,-17.57,-26.40,-25.29,-18.21
16683.17,-3.34,16.70,-1.43,24.41,-24.41,-21.33,-16.29,-27.76,-25.85,-20.04
16850.01,-4.31,17.59,-1.63,24.78,-24.78,-21.14,-15.04,-29.09,-26.41,-21.89
17018.51,-5.22,18.52,-1.83,25.15,-25.15,-20.91,-13.84,-30.37,-26.98,-23.75
17188.69,-5.95,19.51,-2.03,25.52,-25.52,-20.67,-12.69,-31.48,-27.55,-25.47
17360.58,-6.44,20.55,-2.24,25.89,-25.89,-20.38,-11.64,-32.34,-28.13,-26.99
17534.18,-6.71,21.63,-2.45,26.27,-26.27,-20.07,-10.64,-32.98,-28.71,-28.34
17709.53,-6.62,22.79,-2.66,26.65,-26.65,-19.72,-9.73,-33.27,-29.30,-29.41
17886.62,-6.28,23.98,-2.87,27.02,-27.02,-19.33,-8.86,-33.30,-29.90,-30.26
18065.49,-5.81,25.21,-3.09,27.40,-27.40,-18.90,-8.06,-33.21,-30.50,-31.02
18246.14,-5.26,26.44,-3.32,27.79,-27.79,-18.44,-7.30,-33.05,-31.10,-31.70
18428.60,-4.74,27.70,-3.54,28.17,-28.17,-17.92,-6.59,-32.91,-31.71,-32.44
18612.89,-4.31,28.98,-3.77,28.56,-28.56,-17.36,-5.92,-32.87,-32.33,-33.29
18799.02,-3.97,30.27,-4.00,28.94,-28.94,-16.74,-5.29,-32.91,-32.95,-34.24
18987.01,-3.76,31.58,-4.24,29.33,-29.33,-16.07,-4.69,-33.09,-33.57,-35.34
19176.88,-3.71,32.89,-4.48,29.72,-29.72,-15.33,-4.14,-33.43,-34.21,-36.60
19368.65,-3.76,34.17,-4.72,30.12,-30.12,-14.54,-3.61,-33.87,-34.84,-37.92
19562.33,-3.88,35.36,-4.97,30.51,-30.51,-13.66,-3.12,-34.39,-35.48,-39.24
19757.96,-4.05,36.44,-5.22,30.91,-30.91,-12.78,-2.62,-34.96,-36.13,-40.48
19955.54,-4.21,37.52,-5.47,31.31,-31.31,-11.90,-2.13,-35.52,-36.78,-41.73
