frequency,raw,error,smoothed,error_smoothed,equalization,parametric_eq,fixed_band_eq,equalized_raw,equalized_smoothed,target
20.00,10.85,2.92,10.85,2.92,-2.92,-2.75,-1.07,7.94,7.94,7.94
20.20,10.87,2.93,10.87,2.93,-2.93,-2.86,-1.10,7.94,7.94,7.94
20.40,10.88,2.94,10.88,2.93,-2.93,-2.97,-1.13,7.95,7.95,7.95
20.61,10.90,2.94,10.90,2.94,-2.94,-3.07,-1.17,7.96,7.96,7.95
20.81,10.91,2.94,10.91,2.94,-2.94,-3.17,-1.20,7.97,7.97,7.97
21.02,10.92,2.94,10.92,2.94,-2.95,-3.22,-1.24,7.98,7.98,7.98
21.23,10.94,2.94,10.94,2.94,-2.95,-3.26,-1.27,7.99,7.99,8.00
21.44,10.95,2.95,10.95,2.95,-2.95,-3.25,-1.31,8.00,8.00,8.01
21.66,10.97,2.95,10.97,2.95,-2.95,-3.23,-1.35,8.01,8.01,8.02
21.87,10.98,2.95,10.98,2.95,-2.95,-3.16,-1.39,8.02,8.02,8.02
22.09,10.99,2.96,10.99,2.96,-2.95,-3.10,-1.43,8.03,8.03,8.03
22.31,10.99,2.95,10.99,2.95,-2.95,-3.01,-1.47,8.04,8.04,8.04
22.54,10.99,2.95,10.99,2.95,-2.94,-2.93,-1.52,8.05,8.05,8.05
22.76,10.99,2.93,10.99,2.93,-2.93,-2.85,-1.56,8.06,8.06,8.05
22.99,10.98,2.92,10.98,2.92,-2.91,-2.77,-1.61,8.06,8.06,8.06
23.22,10.96,2.90,10.96,2.90,-2.89,-2.71,-1.66,8.07,8.07,8.07
23.45,10.95,2.87,10.95,2.87,-2.87,-2.65,-1.70,8.08,8.08,8.07
23.69,10.92,2.84,10.92,2.84,-2.84,-2.60,-1.75,8.08,8.08,8.08
23.92,10.90,2.81,10.90,2.81,-2.81,-2.56,-1.80,8.09,8.09,8.09
24.16,10.87,2.78,10.87,2.78,-2.78,-2.52,-1.85,8.09,8.09,8.09
24.40,10.84,2.74,10.84,2.74,-2.75,-2.49,-1.90,8.10,8.10,8.10
24.65,10.81,2.71,10.81,2.71,-2.71,-2.46,-1.95,8.10,8.10,8.10
24.89,10.78,2.68,10.78,2.68,-2.68,-2.44,-2.01,8.10,8.10,8.10
25.14,10.75,2.65,10.75,2.65,-2.65,-2.42,-2.06,8.11,8.10,8.10
25.39,10.72,2.61,10.72,2.61,-2.61,-2.40,-2.11,8.11,8.11,8.11
25.65,10.69,2.58,10.69,2.58,-2.58,-2.39,-2.16,8.11,8.11,8.11
25.91,10.66,2.55,10.66,2.55,-2.55,-2.38,-2.22,8.11,8.11,8.11
26.16,10.63,2.51,10.63,2.51,-2.51,-2.37,-2.27,8.11,8.11,8.11
26.43,10.60,2.48,10.60,2.48,-2.48,-2.36,-2.32,8.11,8.11,8.12
26.69,10.57,2.45,10.57,2.45,-2.45,-2.36,-2.37,8.12,8.12,8.12
26.96,10.55,2.42,10.55,2.42,-2.42,-2.35,-2.42,8.12,8.12,8.12
27.23,10.52,2.40,10.52,2.40,-2.40,-2.34,-2.47,8.13,8.13,8.13
27.50,10.50,2.37,10.50,2.37,-2.37,-2.34,-2.52,8.13,8.13,8.13
27.77,10.48,2.35,10.48,2.35,-2.35,-2.34,-2.57,8.13,8.13,8.13
28.05,10.45,2.33,10.45,2.33,-2.32,-2.33,-2.61,8.13,8.13,8.13
28.33,10.43,2.30,10.43,2.30,-2.30,-2.33,-2.65,8.13,8.13,8.13
28.62,10.41,2.28,10.41,2.28,-2.28,-2.33,-2.69,8.12,8.12,8.12
28.90,10.38,2.26,10.38,2.26,-2.26,-2.32,-2.73,8.12,8.12,8.12
29.19,10.37,2.24,10.37,2.24,-2.25,-2.32,-2.76,8.12,8.12,8.12
29.48,10.35,2.23,10.35,2.23,-2.23,-2.32,-2.79,8.12,8.12,8.12
29.78,10.34,2.22,10.34,2.22,-2.22,-2.31,-2.82,8.12,8.12,8.12
30.08,10.33,2.21,10.33,2.21,-2.21,-2.31,-2.84,8.12,8.12,8.12
30.38,10.32,2.20,10.32,2.20,-2.20,-2.31,-2.86,8.12,8.12,8.12
30.68,10.31,2.19,10.31,2.19,-2.19,-2.31,-2.87,8.12,8.12,8.12
30.99,10.29,2.18,10.29,2.18,-2.18,-2.30,-2.89,8.11,8.11,8.11
31.30,10.28,2.17,10.28,2.17,-2.17,-2.30,-2.89,8.11,8.11,8.11
31.61,10.27,2.16,10.27,2.16,-2.16,-2.30,-2.89,8.10,8.10,8.10
31.93,10.25,2.16,10.25,2.16,-2.16,-2.29,-2.89,8.10,8.10,8.10
32.24,10.24,2.15,10.24,2.15,-2.15,-2.29,-2.89,8.09,8.09,8.09
32.57,10.23,2.15,10.23,2.15,-2.14,-2.28,-2.87,8.08,8.08,8.08
32.89,10.21,2.14,10.21,2.14,-2.14,-2.28,-2.86,8.07,8.07,8.07
33.22,10.19,2.14,10.19,2.14,-2.13,-2.27,-2.84,8.06,8.06,8.06
33.55,10.18,2.13,10.18,2.13,-2.13,-2.27,-2.82,8.04,8.04,8.05
33.89,10.16,2.12,10.16,2.12,-2.13,-2.26,-2.80,8.03,8.03,8.04
34.23,10.15,2.12,10.15,2.13,-2.13,-2.25,-2.77,8.02,8.02,8.02
34.57,10.14,2.13,10.15,2.13,-2.14,-2.25,-2.74,8.01,8.01,8.01
34.92,10.14,2.14,10.14,2.14,-2.14,-2.24,-2.71,8.00,8.00,8.00
35.27,10.15,2.15,10.14,2.15,-2.14,-2.23,-2.68,8.00,8.00,7.99
35.62,10.14,2.16,10.14,2.16,-2.15,-2.23,-2.64,7.99,7.99,7.98
35.97,10.13,2.16,10.13,2.16,-2.15,-2.22,-2.60,7.98,7.98,7.97
36.33,10.12,2.16,10.12,2.16,-2.16,-2.21,-2.56,7.96,7.96,7.96
36.70,10.10,2.16,10.10,2.16,-2.17,-2.20,-2.52,7.93,7.93,7.94
37.06,10.08,2.16,10.09,2.16,-2.17,-2.19,-2.48,7.91,7.91,7.93
37.43,10.08,2.17,10.08,2.17,-2.18,-2.18,-2.44,7.90,7.90,7.91
37.81,10.08,2.18,10.08,2.18,-2.19,-2.18,-2.40,7.89,7.89,7.89
38.19,10.08,2.20,10.08,2.20,-2.19,-2.17,-2.36,7.88,7.88,7.88
38.57,10.07,2.22,10.07,2.21,-2.20,-2.16,-2.32,7.88,7.87,7.86
38.95,10.06,2.22,10.06,2.22,-2.21,-2.14,-2.28,7.86,7.86,7.84
39.34,10.04,2.22,10.04,2.22,-2.21,-2.13,-2.24,7.83,7.83,7.83
39.74,10.02,2.21,10.03,2.21,-2.22,-2.12,-2.20,7.81,7.81,7.81
40.14,10.01,2.21,10.01,2.21,-2.22,-2.11,-2.16,7.78,7.79,7.80
40.54,10.00,2.22,10.00,2.22,-2.23,-2.10,-2.12,7.77,7.77,7.78
40.94,9.99,2.23,9.99,2.23,-2.24,-2.09,-2.09,7.76,7.76,7.76
41.35,9.99,2.24,9.99,2.24,-2.24,-2.08,-2.05,7.74,7.74,7.75
41.76,9.98,2.25,9.98,2.25,-2.25,-2.06,-2.02,7.73,7.73,7.73
42.18,9.97,2.26,9.97,2.26,-2.25,-2.05,-1.98,7.71,7.71,7.71
42.60,9.95,2.26,9.95,2.26,-2.25,-2.04,-1.95,7.70,7.70,7.69
43.03,9.93,2.25,9.93,2.25,-2.25,-2.03,-1.92,7.68,7.68,7.68
43.46,9.90,2.24,9.90,2.24,-2.23,-2.01,-1.89,7.66,7.66,7.66
43.90,9.86,2.22,9.86,2.22,-2.21,-2.00,-1.86,7.64,7.64,7.64
44.33,9.81,2.19,9.80,2.19,-2.18,-1.98,-1.84,7.62,7.62,7.62
44.78,9.74,2.15,9.74,2.15,-2.15,-1.97,-1.81,7.60,7.60,7.59
45.23,9.67,2.11,9.68,2.11,-2.10,-1.96,-1.79,7.57,7.57,7.57
45.68,9.60,2.06,9.60,2.06,-2.05,-1.94,-1.77,7.55,7.55,7.54
46.13,9.52,2.00,9.52,2.00,-1.99,-1.93,-1.75,7.53,7.53,7.52
46.60,9.44,1.94,9.44,1.94,-1.93,-1.91,-1.73,7.51,7.51,7.50
47.06,9.35,1.88,9.35,1.88,-1.87,-1.90,-1.71,7.48,7.48,7.48
47.53,9.27,1.81,9.27,1.81,-1.82,-1.88,-1.69,7.45,7.45,7.45
48.01,9.18,1.75,9.19,1.76,-1.77,-1.87,-1.68,7.42,7.42,7.43
48.49,9.11,1.71,9.11,1.71,-1.72,-1.85,-1.67,7.39,7.39,7.41
48.97,9.05,1.67,9.05,1.67,-1.69,-1.84,-1.65,7.36,7.36,7.38
49.46,9.00,1.65,9.00,1.66,-1.66,-1.82,-1.64,7.34,7.34,7.35
49.96,8.97,1.65,8.97,1.65,-1.65,-1.80,-1.63,7.32,7.32,7.32
50.46,8.94,1.65,8.94,1.65,-1.65,-1.79,-1.62,7.29,7.29,7.29
50.96,8.92,1.66,8.92,1.66,-1.65,-1.77,-1.61,7.27,7.26,7.26
51.47,8.90,1.67,8.90,1.67,-1.67,-1.76,-1.61,7.23,7.23,7.23
51.99,8.88,1.68,8.88,1.68,-1.68,-1.74,-1.60,7.20,7.20,7.20
52.51,8.87,1.70,8.87,1.70,-1.70,-1.72,-1.59,7.17,7.17,7.17
53.03,8.86,1.72,8.86,1.72,-1.72,-1.71,-1.59,7.14,7.14,7.14
53.56,8.85,1.74,8.85,1.74,-1.74,-1.69,-1.59,7.12,7.12,7.12
54.10,8.84,1.76,8.84,1.76,-1.75,-1.68,-1.58,7.09,7.09,7.09
54.64,8.83,1.77,8.83,1.77,-1.76,-1.66,-1.58,7.07,7.07,7.06
55.18,8.80,1.77,8.80,1.77,-1.76,-1.64,-1.57,7.04,7.04,7.03
55.74,8.76,1.76,8.76,1.76,-1.76,-1.63,-1.57,7.00,7.00,7.00
56.29,8.71,1.75,8.71,1.75,-1.74,-1.61,-1.57,6.97,6.97,6.96
56.86,8.65,1.72,8.65,1.72,-1.72,-1.59,-1.56,6.93,6.93,6.93
57.42,8.58,1.69,8.58,1.69,-1.69,-1.58,-1.56,6.90,6.90,6.89
58.00,8.51,1.65,8.51,1.65,-1.65,-1.56,-1.56,6.86,6.86,6.86
58.58,8.43,1.61,8.43,1.61,-1.61,-1.54,-1.55,6.82,6.83,6.82
59.16,8.35,1.56,8.35,1.56,-1.56,-1.53,-1.55,6.79,6.79,6.79
59.76,8.27,1.52,8.27,1.52,-1.52,-1.51,-1.54,6.75,6.75,6.75
60.35,8.19,1.47,8.19,1.47,-1.47,-1.50,-1.54,6.72,6.72,6.72
60.96,8.12,1.43,8.12,1.43,-1.44,-1.48,-1.53,6.68,6.68,6.69
61.57,8.05,1.40,8.05,1.40,-1.41,-1.46,-1.53,6.64,6.64,6.65
62.18,7.99,1.37,7.99,1.37,-1.38,-1.45,-1.52,6.61,6.61,6.62
62.80,7.94,1.35,7.94,1.35,-1.36,-1.43,-1.51,6.58,6.58,6.59
63.43,7.89,1.34,7.89,1.34,-1.35,-1.42,-1.50,6.55,6.55,6.55
64.07,7.85,1.34,7.85,1.34,-1.34,-1.40,-1.49,6.52,6.52,6.52
64.71,7.81,1.34,7.81,1.34,-1.33,-1.39,-1.48,6.48,6.48,6.48
65.35,7.77,1.33,7.77,1.33,-1.33,-1.37,-1.47,6.44,6.44,6.44
66.01,7.73,1.33,7.72,1.33,-1.32,-1.36,-1.46,6.40,6.40,6.39
66.67,7.67,1.32,7.67,1.32,-1.32,-1.34,-1.45,6.35,6.36,6.35
67.33,7.61,1.31,7.61,1.31,-1.31,-1.33,-1.44,6.31,6.31,6.30
68.01,7.56,1.30,7.56,1.30,-1.30,-1.31,-1.42,6.26,6.26,6.26
68.69,7.50,1.28,7.50,1.28,-1.29,-1.30,-1.41,6.21,6.21,6.21
69.37,7.44,1.27,7.44,1.27,-1.27,-1.28,-1.40,6.17,6.17,6.17
70.07,7.38,1.26,7.38,1.26,-1.26,-1.27,-1.38,6.12,6.12,6.12
70.77,7.33,1.24,7.33,1.25,-1.24,-1.25,-1.37,6.08,6.08,6.08
71.48,7.27,1.23,7.27,1.23,-1.23,-1.24,-1.36,6.04,6.04,6.04
72.19,7.22,1.22,7.22,1.22,-1.22,-1.23,-1.34,6.00,6.00,6.00
72.91,7.17,1.20,7.17,1.20,-1.20,-1.21,-1.33,5.96,5.96,5.96
73.64,7.12,1.19,7.12,1.19,-1.19,-1.20,-1.31,5.93,5.93,5.93
74.38,7.07,1.17,7.07,1.17,-1.17,-1.19,-1.30,5.89,5.89,5.89
75.12,7.02,1.16,7.02,1.16,-1.16,-1.17,-1.29,5.85,5.85,5.86
75.87,6.97,1.15,6.97,1.15,-1.15,-1.16,-1.28,5.82,5.82,5.82
76.63,6.92,1.14,6.92,1.14,-1.14,-1.15,-1.26,5.78,5.78,5.78
77.40,6.87,1.13,6.87,1.13,-1.13,-1.14,-1.25,5.74,5.74,5.74
78.17,6.81,1.12,6.81,1.12,-1.12,-1.12,-1.24,5.70,5.70,5.70
78.95,6.76,1.11,6.76,1.11,-1.11,-1.11,-1.23,5.65,5.65,5.65
79.74,6.70,1.10,6.70,1.10,-1.10,-1.10,-1.22,5.60,5.60,5.60
80.54,6.65,1.09,6.65,1.09,-1.09,-1.09,-1.21,5.55,5.55,5.56
81.35,6.59,1.08,6.59,1.08,-1.09,-1.08,-1.20,5.50,5.50,5.51
82.16,6.54,1.08,6.54,1.08,-1.09,-1.07,-1.20,5.45,5.45,5.46
82.98,6.49,1.08,6.49,1.08,-1.08,-1.06,-1.19,5.40,5.40,5.41
83.81,6.44,1.08,6.43,1.08,-1.08,-1.05,-1.18,5.35,5.35,5.35
84.65,6.38,1.09,6.38,1.09,-1.08,-1.04,-1.18,5.30,5.30,5.30
85.50,6.33,1.09,6.33,1.09,-1.08,-1.03,-1.17,5.25,5.25,5.24
86.35,6.27,1.08,6.27,1.08,-1.08,-1.02,-1.17,5.19,5.19,5.19
87.22,6.21,1.08,6.21,1.08,-1.07,-1.02,-1.17,5.14,5.14,5.13
88.09,6.15,1.07,6.15,1.07,-1.06,-1.01,-1.17,5.09,5.09,5.08
88.97,6.09,1.05,6.09,1.05,-1.05,-1.00,-1.17,5.04,5.04,5.04
89.86,6.03,1.04,6.03,1.04,-1.04,-0.99,-1.17,4.99,4.99,4.99
90.76,5.98,1.03,5.98,1.03,-1.03,-0.99,-1.17,4.95,4.95,4.95
91.66,5.93,1.02,5.93,1.02,-1.02,-0.98,-1.17,4.91,4.91,4.91
92.58,5.88,1.01,5.88,1.01,-1.01,-0.98,-1.17,4.87,4.87,4.87
93.51,5.84,1.01,5.84,1.01,-1.01,-0.97,-1.18,4.83,4.83,4.83
94.44,5.79,1.00,5.79,1.00,-1.00,-0.97,-1.18,4.79,4.79,4.79
95.39,5.74,1.00,5.74,1.00,-1.00,-0.96,-1.19,4.74,4.74,4.74
96.34,5.68,0.99,5.68,0.99,-0.99,-0.96,-1.19,4.69,4.69,4.69
97.30,5.63,0.98,5.63,0.98,-0.99,-0.96,-1.20,4.64,4.64,4.64
98.28,5.57,0.98,5.57,0.98,-0.98,-0.96,-1.21,4.59,4.59,4.59
99.26,5.52,0.97,5.52,0.97,-0.97,-0.96,-1.22,4.55,4.55,4.54
100.25,5.46,0.97,5.46,0.97,-0.95,-0.96,-1.22,4.51,4.51,4.49
101.25,5.40,0.95,5.39,0.95,-0.93,-0.96,-1.23,4.46,4.46,4.44
102.27,5.32,0.93,5.32,0.93,-0.91,-0.96,-1.24,4.41,4.41,4.39
103.29,5.23,0.89,5.23,0.89,-0.89,-0.97,-1.25,4.35,4.35,4.34
104.32,5.15,0.86,5.15,0.86,-0.86,-0.97,-1.26,4.28,4.29,4.29
105.37,5.07,0.83,5.07,0.83,-0.84,-0.98,-1.27,4.23,4.23,4.24
106.42,5.00,0.82,5.00,0.82,-0.83,-0.98,-1.28,4.17,4.17,4.19
107.48,4.95,0.82,4.95,0.82,-0.83,-0.99,-1.29,4.12,4.12,4.14
108.56,4.92,0.83,4.92,0.83,-0.85,-1.00,-1.30,4.07,4.07,4.09
109.64,4.90,0.86,4.90,0.86,-0.87,-1.01,-1.31,4.03,4.03,4.04
110.74,4.90,0.90,4.90,0.90,-0.91,-1.02,-1.32,3.98,3.99,4.00
111.85,4.90,0.95,4.91,0.95,-0.96,-1.04,-1.33,3.95,3.95,3.95
112.97,4.92,1.01,4.92,1.01,-1.00,-1.05,-1.34,3.91,3.91,3.91
114.10,4.93,1.07,4.92,1.07,-1.05,-1.07,-1.34,3.88,3.87,3.86
115.24,4.92,1.11,4.92,1.11,-1.09,-1.08,-1.35,3.83,3.82,3.81
116.39,4.90,1.14,4.90,1.14,-1.13,-1.10,-1.35,3.76,3.77,3.75
117.55,4.87,1.17,4.87,1.17,-1.16,-1.12,-1.36,3.70,3.70,3.70
118.73,4.83,1.18,4.83,1.19,-1.19,-1.14,-1.36,3.64,3.64,3.65
119.92,4.79,1.20,4.79,1.20,-1.21,-1.16,-1.36,3.59,3.59,3.59
121.12,4.76,1.21,4.76,1.21,-1.22,-1.18,-1.36,3.54,3.54,3.54
122.33,4.72,1.22,4.72,1.22,-1.22,-1.19,-1.36,3.50,3.50,3.50
123.55,4.69,1.23,4.69,1.23,-1.23,-1.21,-1.36,3.46,3.46,3.46
124.79,4.65,1.23,4.65,1.23,-1.22,-1.23,-1.35,3.42,3.42,3.42
126.03,4.60,1.22,4.60,1.22,-1.22,-1.24,-1.34,3.38,3.38,3.37
127.29,4.55,1.21,4.55,1.21,-1.21,-1.25,-1.34,3.34,3.34,3.33
128.57,4.49,1.20,4.49,1.20,-1.20,-1.26,-1.33,3.29,3.29,3.29
129.85,4.43,1.18,4.43,1.18,-1.18,-1.26,-1.32,3.25,3.25,3.25
131.15,4.37,1.16,4.37,1.16,-1.17,-1.26,-1.30,3.21,3.21,3.21
132.46,4.32,1.15,4.32,1.15,-1.15,-1.26,-1.29,3.17,3.17,3.17
133.79,4.27,1.14,4.27,1.14,-1.14,-1.25,-1.27,3.13,3.13,3.13
135.12,4.22,1.13,4.22,1.13,-1.13,-1.24,-1.26,3.08,3.08,3.09
136.48,4.17,1.12,4.17,1.12,-1.13,-1.23,-1.24,3.04,3.04,3.04
137.84,4.11,1.12,4.11,1.12,-1.12,-1.21,-1.22,2.99,2.99,2.99
139.22,4.07,1.12,4.07,1.12,-1.12,-1.19,-1.20,2.94,2.95,2.95
140.61,4.02,1.12,4.02,1.12,-1.12,-1.17,-1.18,2.90,2.90,2.90
142.02,3.98,1.12,3.98,1.12,-1.11,-1.15,-1.16,2.86,2.86,2.86
143.44,3.93,1.11,3.93,1.11,-1.11,-1.12,-1.14,2.83,2.82,2.82
144.87,3.88,1.11,3.88,1.10,-1.10,-1.10,-1.12,2.79,2.78,2.78
146.32,3.83,1.09,3.83,1.09,-1.09,-1.08,-1.09,2.74,2.74,2.74
147.78,3.77,1.07,3.77,1.07,-1.07,-1.06,-1.07,2.70,2.70,2.70
149.26,3.72,1.05,3.72,1.05,-1.06,-1.04,-1.05,2.66,2.66,2.67
150.75,3.67,1.04,3.67,1.04,-1.05,-1.02,-1.02,2.62,2.62,2.63
152.26,3.62,1.02,3.62,1.03,-1.03,-1.00,-1.00,2.59,2.59,2.60
153.78,3.58,1.01,3.58,1.01,-1.01,-0.98,-0.98,2.57,2.57,2.57
155.32,3.54,1.00,3.54,1.00,-0.99,-0.96,-0.95,2.55,2.55,2.54
156.88,3.49,0.97,3.49,0.97,-0.97,-0.95,-0.93,2.52,2.52,2.51
158.44,3.44,0.95,3.44,0.95,-0.94,-0.93,-0.91,2.50,2.50,2.49
160.03,3.38,0.91,3.38,0.91,-0.91,-0.92,-0.89,2.48,2.48,2.47
161.63,3.33,0.88,3.33,0.88,-0.87,-0.91,-0.86,2.46,2.46,2.45
163.24,3.28,0.84,3.28,0.84,-0.84,-0.89,-0.84,2.45,2.45,2.44
164.88,3.23,0.80,3.24,0.80,-0.80,-0.88,-0.82,2.44,2.44,2.43
166.53,3.19,0.76,3.19,0.76,-0.76,-0.87,-0.80,2.43,2.43,2.43
168.19,3.15,0.73,3.15,0.73,-0.73,-0.86,-0.78,2.42,2.42,2.42
169.87,3.11,0.70,3.11,0.71,-0.71,-0.86,-0.76,2.40,2.39,2.41
171.57,3.07,0.69,3.07,0.69,-0.70,-0.85,-0.74,2.36,2.36,2.38
173.29,3.02,0.69,3.02,0.69,-0.70,-0.84,-0.72,2.32,2.32,2.33
175.02,2.98,0.70,2.98,0.70,-0.71,-0.83,-0.71,2.26,2.26,2.28
176.77,2.93,0.72,2.93,0.72,-0.73,-0.82,-0.69,2.20,2.20,2.21
178.54,2.89,0.75,2.89,0.75,-0.75,-0.82,-0.67,2.14,2.14,2.14
180.32,2.86,0.79,2.86,0.79,-0.78,-0.81,-0.65,2.08,2.08,2.07
182.13,2.82,0.82,2.82,0.81,-0.80,-0.80,-0.64,2.02,2.02,2.01
183.95,2.79,0.83,2.79,0.83,-0.82,-0.79,-0.62,1.97,1.97,1.95
185.79,2.75,0.84,2.75,0.84,-0.84,-0.78,-0.61,1.92,1.92,1.91
187.65,2.72,0.85,2.72,0.85,-0.85,-0.78,-0.59,1.87,1.87,1.87
189.52,2.68,0.85,2.68,0.85,-0.85,-0.77,-0.58,1.83,1.83,1.83
191.42,2.64,0.85,2.64,0.85,-0.85,-0.76,-0.57,1.79,1.79,1.79
193.33,2.60,0.84,2.60,0.84,-0.84,-0.75,-0.55,1.75,1.75,1.76
195.27,2.55,0.83,2.55,0.83,-0.84,-0.74,-0.54,1.72,1.71,1.72
197.22,2.51,0.82,2.51,0.82,-0.83,-0.73,-0.53,1.68,1.68,1.68
199.19,2.46,0.82,2.46,0.82,-0.82,-0.71,-0.52,1.64,1.64,1.65
201.18,2.42,0.81,2.42,0.81,-0.81,-0.70,-0.51,1.61,1.61,1.61
203.19,2.38,0.80,2.38,0.80,-0.80,-0.69,-0.49,1.58,1.58,1.58
205.23,2.34,0.80,2.34,0.79,-0.79,-0.67,-0.48,1.55,1.55,1.55
207.28,2.30,0.78,2.30,0.78,-0.78,-0.66,-0.47,1.53,1.53,1.52
209.35,2.26,0.76,2.26,0.76,-0.76,-0.64,-0.46,1.50,1.50,1.50
211.44,2.21,0.74,2.21,0.74,-0.74,-0.63,-0.45,1.47,1.47,1.47
213.56,2.16,0.71,2.16,0.71,-0.71,-0.61,-0.44,1.45,1.45,1.45
215.69,2.11,0.69,2.11,0.69,-0.69,-0.59,-0.43,1.43,1.43,1.43
217.85,2.07,0.66,2.07,0.66,-0.66,-0.57,-0.42,1.40,1.40,1.41
220.03,2.02,0.63,2.02,0.63,-0.64,-0.56,-0.41,1.38,1.38,1.39
222.23,1.97,0.61,1.97,0.61,-0.61,-0.54,-0.40,1.36,1.36,1.36
224.45,1.93,0.58,1.93,0.58,-0.59,-0.52,-0.39,1.34,1.34,1.34
226.70,1.88,0.56,1.88,0.56,-0.56,-0.50,-0.38,1.32,1.32,1.32
228.96,1.84,0.54,1.84,0.54,-0.54,-0.48,-0.37,1.31,1.31,1.30
231.25,1.80,0.51,1.80,0.51,-0.51,-0.45,-0.36,1.29,1.29,1.29
233.57,1.76,0.48,1.76,0.48,-0.48,-0.43,-0.35,1.27,1.27,1.27
235.90,1.71,0.46,1.71,0.46,-0.46,-0.41,-0.34,1.26,1.26,1.26
238.26,1.67,0.43,1.67,0.43,-0.43,-0.39,-0.32,1.25,1.25,1.25
240.64,1.63,0.40,1.63,0.40,-0.40,-0.37,-0.31,1.23,1.23,1.24
243.05,1.59,0.37,1.59,0.37,-0.37,-0.34,-0.30,1.22,1.22,1.22
245.48,1.55,0.34,1.55,0.34,-0.34,-0.32,-0.29,1.21,1.21,1.21
247.93,1.50,0.31,1.50,0.31,-0.31,-0.30,-0.27,1.20,1.20,1.19
250.41,1.46,0.28,1.46,0.28,-0.28,-0.27,-0.26,1.18,1.18,1.18
252.92,1.42,0.25,1.42,0.25,-0.25,-0.25,-0.24,1.17,1.17,1.17
255.45,1.37,0.22,1.37,0.22,-0.22,-0.23,-0.23,1.16,1.16,1.16
258.00,1.33,0.18,1.33,0.19,-0.19,-0.20,-0.21,1.14,1.14,1.15
260.58,1.29,0.16,1.29,0.16,-0.16,-0.18,-0.20,1.13,1.13,1.13
263.19,1.25,0.13,1.25,0.13,-0.14,-0.15,-0.18,1.11,1.11,1.11
265.82,1.21,0.11,1.21,0.11,-0.11,-0.13,-0.16,1.10,1.10,1.10
268.48,1.17,0.09,1.17,0.09,-0.09,-0.11,-0.14,1.08,1.08,1.08
271.16,1.13,0.07,1.13,0.07,-0.06,-0.08,-0.12,1.07,1.07,1.06
273.87,1.09,0.04,1.09,0.04,-0.04,-0.06,-0.10,1.05,1.05,1.05
276.61,1.05,0.01,1.05,0.01,-0.01,-0.03,-0.08,1.04,1.04,1.04
279.38,1.01,-0.02,1.01,-0.02,0.02,-0.01,-0.06,1.02,1.02,1.02
282.17,0.97,-0.04,0.97,-0.04,0.04,0.02,-0.04,1.01,1.01,1.01
284.99,0.92,-0.07,0.92,-0.07,0.07,0.04,-0.02,1.00,1.00,1.00
287.84,0.88,-0.10,0.88,-0.10,0.10,0.07,-0.00,0.98,0.98,0.98
290.72,0.84,-0.13,0.84,-0.13,0.13,0.09,0.02,0.97,0.97,0.97
293.63,0.80,-0.15,0.80,-0.15,0.15,0.12,0.04,0.96,0.96,0.96
296.57,0.76,-0.18,0.76,-0.18,0.18,0.14,0.07,0.94,0.94,0.94
299.53,0.72,-0.21,0.73,-0.21,0.20,0.17,0.09,0.93,0.93,0.93
302.53,0.69,-0.23,0.69,-0.23,0.23,0.19,0.11,0.92,0.92,0.92
305.55,0.65,-0.26,0.65,-0.26,0.26,0.22,0.14,0.91,0.91,0.91
308.61,0.61,-0.29,0.61,-0.29,0.29,0.24,0.16,0.90,0.90,0.90
311.69,0.57,-0.32,0.57,-0.32,0.32,0.27,0.19,0.89,0.89,0.89
314.81,0.53,-0.35,0.53,-0.35,0.35,0.30,0.21,0.88,0.88,0.88
317.96,0.49,-0.38,0.49,-0.38,0.38,0.32,0.24,0.88,0.88,0.88
321.14,0.45,-0.41,0.45,-0.41,0.41,0.35,0.26,0.87,0.87,0.87
324.35,0.42,-0.45,0.42,-0.45,0.45,0.38,0.29,0.86,0.86,0.86
327.59,0.38,-0.48,0.38,-0.48,0.48,0.40,0.32,0.86,0.86,0.86
330.87,0.34,-0.51,0.34,-0.51,0.51,0.43,0.34,0.85,0.85,0.85
334.18,0.30,-0.54,0.30,-0.54,0.54,0.46,0.37,0.84,0.84,0.84
337.52,0.26,-0.57,0.26,-0.57,0.57,0.49,0.40,0.84,0.84,0.84
340.90,0.23,-0.60,0.23,-0.60,0.60,0.52,0.43,0.83,0.83,0.83
344.30,0.19,-0.63,0.19,-0.63,0.63,0.55,0.46,0.82,0.82,0.82
347.75,0.16,-0.66,0.16,-0.66,0.66,0.57,0.49,0.82,0.82,0.82
351.23,0.12,-0.69,0.12,-0.69,0.69,0.60,0.52,0.81,0.81,0.81
354.74,0.09,-0.71,0.09,-0.71,0.71,0.63,0.55,0.80,0.80,0.80
358.28,0.05,-0.74,0.05,-0.74,0.74,0.66,0.58,0.80,0.79,0.79
361.87,0.02,-0.77,0.02,-0.77,0.77,0.69,0.61,0.79,0.79,0.79
365.49,-0.01,-0.79,-0.01,-0.79,0.79,0.72,0.64,0.78,0.78,0.78
369.14,-0.04,-0.82,-0.04,-0.82,0.82,0.75,0.67,0.78,0.77,0.77
372.83,-0.07,-0.84,-0.07,-0.84,0.84,0.79,0.70,0.77,0.77,0.77
376.56,-0.11,-0.87,-0.11,-0.87,0.87,0.82,0.73,0.76,0.76,0.76
380.33,-0.14,-0.89,-0.14,-0.89,0.89,0.85,0.77,0.75,0.75,0.75
384.13,-0.17,-0.92,-0.17,-0.92,0.91,0.88,0.80,0.75,0.75,0.75
387.97,-0.20,-0.94,-0.20,-0.94,0.94,0.91,0.83,0.74,0.74,0.74
391.85,-0.23,-0.96,-0.23,-0.96,0.96,0.94,0.87,0.73,0.73,0.73
395.77,-0.26,-0.98,-0.26,-0.99,0.99,0.97,0.90,0.73,0.73,0.72
399.73,-0.29,-1.01,-0.29,-1.01,1.01,1.00,0.94,0.72,0.72,0.72
403.72,-0.32,-1.03,-0.32,-1.03,1.03,1.03,0.97,0.71,0.71,0.71
407.76,-0.36,-1.06,-0.36,-1.06,1.06,1.07,1.01,0.70,0.70,0.70
411.84,-0.39,-1.08,-0.39,-1.08,1.08,1.09,1.04,0.70,0.70,0.70
415.96,-0.42,-1.11,-0.42,-1.11,1.11,1.12,1.07,0.69,0.69,0.69
420.12,-0.45,-1.13,-0.45,-1.13,1.13,1.15,1.11,0.68,0.68,0.69
424.32,-0.48,-1.16,-0.48,-1.16,1.16,1.18,1.14,0.68,0.68,0.68
428.56,-0.51,-1.18,-0.51,-1.18,1.18,1.21,1.18,0.68,0.68,0.68
432.85,-0.53,-1.20,-0.53,-1.21,1.20,1.23,1.21,0.67,0.67,0.67
437.18,-0.56,-1.23,-0.56,-1.23,1.23,1.26,1.24,0.67,0.67,0.67
441.55,-0.58,-1.25,-0.58,-1.25,1.25,1.28,1.28,0.67,0.67,0.67
445.96,-0.61,-1.28,-0.61,-1.28,1.28,1.30,1.31,0.67,0.67,0.67
450.42,-0.63,-1.30,-0.63,-1.30,1.30,1.32,1.34,0.67,0.67,0.67
454.93,-0.66,-1.32,-0.66,-1.32,1.32,1.34,1.37,0.67,0.67,0.67
459.48,-0.68,-1.35,-0.68,-1.35,1.35,1.36,1.40,0.67,0.67,0.67
464.07,-0.71,-1.37,-0.71,-1.37,1.37,1.38,1.42,0.66,0.66,0.67
468.71,-0.73,-1.40,-0.73,-1.40,1.40,1.39,1.45,0.66,0.66,0.67
473.40,-0.76,-1.42,-0.76,-1.42,1.42,1.41,1.47,0.66,0.66,0.67
478.13,-0.78,-1.45,-0.78,-1.45,1.45,1.42,1.50,0.66,0.67,0.67
482.91,-0.80,-1.47,-0.80,-1.47,1.47,1.43,1.52,0.67,0.67,0.67
487.74,-0.83,-1.49,-0.83,-1.49,1.49,1.45,1.54,0.67,0.67,0.67
492.62,-0.85,-1.52,-0.85,-1.52,1.52,1.46,1.56,0.67,0.67,0.67
497.55,-0.87,-1.54,-0.87,-1.54,1.54,1.47,1.58,0.67,0.67,0.67
502.52,-0.89,-1.56,-0.89,-1.56,1.56,1.49,1.59,0.67,0.67,0.67
507.55,-0.91,-1.58,-0.91,-1.58,1.58,1.50,1.61,0.67,0.67,0.67
512.62,-0.93,-1.60,-0.93,-1.60,1.60,1.52,1.62,0.67,0.67,0.67
517.75,-0.95,-1.63,-0.95,-1.63,1.63,1.54,1.63,0.67,0.67,0.67
522.93,-0.97,-1.65,-0.97,-1.65,1.65,1.56,1.64,0.68,0.68,0.68
528.16,-0.99,-1.67,-0.99,-1.67,1.67,1.58,1.65,0.68,0.68,0.68
533.44,-1.01,-1.69,-1.01,-1.69,1.69,1.60,1.65,0.68,0.68,0.68
538.77,-1.02,-1.71,-1.02,-1.71,1.71,1.62,1.66,0.68,0.68,0.68
544.16,-1.04,-1.72,-1.04,-1.72,1.73,1.65,1.66,0.68,0.68,0.68
549.60,-1.06,-1.74,-1.06,-1.74,1.74,1.67,1.67,0.68,0.68,0.68
555.10,-1.08,-1.76,-1.08,-1.76,1.76,1.70,1.67,0.69,0.69,0.69
560.65,-1.09,-1.78,-1.09,-1.78,1.78,1.72,1.67,0.69,0.69,0.69
566.25,-1.11,-1.80,-1.11,-1.80,1.80,1.75,1.67,0.69,0.69,0.69
571.92,-1.12,-1.82,-1.12,-1.82,1.82,1.77,1.68,0.70,0.70,0.70
577.64,-1.13,-1.83,-1.13,-1.83,1.83,1.79,1.68,0.70,0.70,0.70
583.41,-1.15,-1.85,-1.15,-1.85,1.85,1.82,1.68,0.70,0.70,0.70
589.25,-1.16,-1.86,-1.16,-1.86,1.86,1.84,1.68,0.71,0.71,0.71
595.14,-1.17,-1.88,-1.17,-1.88,1.88,1.85,1.68,0.71,0.71,0.71
601.09,-1.18,-1.90,-1.18,-1.90,1.90,1.87,1.68,0.71,0.71,0.71
607.10,-1.19,-1.91,-1.19,-1.91,1.91,1.89,1.69,0.72,0.72,0.72
613.17,-1.20,-1.93,-1.20,-1.93,1.93,1.90,1.69,0.72,0.72,0.72
619.30,-1.21,-1.94,-1.21,-1.94,1.94,1.91,1.70,0.73,0.73,0.73
625.50,-1.22,-1.95,-1.22,-1.96,1.95,1.92,1.70,0.74,0.74,0.74
631.75,-1.23,-1.97,-1.23,-1.97,1.97,1.93,1.71,0.74,0.74,0.74
638.07,-1.23,-1.98,-1.23,-1.98,1.98,1.94,1.72,0.75,0.75,0.75
644.45,-1.24,-1.99,-1.24,-1.99,1.99,1.95,1.72,0.76,0.76,0.76
650.89,-1.24,-2.00,-1.24,-2.00,2.00,1.95,1.73,0.76,0.76,0.76
657.40,-1.24,-2.01,-1.24,-2.01,2.01,1.96,1.75,0.77,0.77,0.77
663.98,-1.24,-2.02,-1.24,-2.02,2.03,1.97,1.76,0.78,0.78,0.78
670.62,-1.25,-2.04,-1.25,-2.04,2.04,1.97,1.77,0.79,0.79,0.79
677.32,-1.25,-2.05,-1.25,-2.05,2.05,1.98,1.79,0.80,0.80,0.80
684.10,-1.25,-2.06,-1.25,-2.06,2.06,1.98,1.80,0.81,0.81,0.81
690.94,-1.25,-2.07,-1.25,-2.07,2.06,1.98,1.82,0.81,0.82,0.82
697.85,-1.25,-2.07,-1.25,-2.07,2.07,1.99,1.84,0.83,0.83,0.83
704.83,-1.24,-2.08,-1.24,-2.08,2.08,1.99,1.86,0.84,0.84,0.84
711.87,-1.24,-2.09,-1.24,-2.09,2.09,2.00,1.89,0.85,0.85,0.85
718.99,-1.23,-2.10,-1.23,-2.10,2.10,2.00,1.91,0.86,0.86,0.86
726.18,-1.23,-2.10,-1.23,-2.10,2.10,2.01,1.94,0.88,0.87,0.87
733.44,-1.22,-2.11,-1.22,-2.11,2.11,2.01,1.96,0.89,0.89,0.89
740.78,-1.21,-2.11,-1.21,-2.11,2.11,2.02,1.99,0.90,0.90,0.90
748.19,-1.20,-2.12,-1.20,-2.12,2.12,2.02,2.02,0.92,0.92,0.92
755.67,-1.18,-2.12,-1.18,-2.12,2.12,2.03,2.06,0.94,0.94,0.94
763.23,-1.17,-2.12,-1.17,-2.12,2.12,2.04,2.09,0.95,0.95,0.95
770.86,-1.15,-2.12,-1.15,-2.12,2.12,2.04,2.12,0.97,0.97,0.97
778.57,-1.13,-2.12,-1.13,-2.12,2.12,2.05,2.16,0.99,0.99,0.99
786.35,-1.11,-2.12,-1.11,-2.12,2.12,2.06,2.19,1.01,1.01,1.01
794.22,-1.09,-2.12,-1.09,-2.12,2.13,2.07,2.23,1.04,1.04,1.03
802.16,-1.07,-2.13,-1.07,-2.13,2.13,2.07,2.27,1.06,1.06,1.06
810.18,-1.04,-2.13,-1.04,-2.13,2.13,2.08,2.31,1.08,1.08,1.08
818.28,-1.02,-2.13,-1.02,-2.13,2.13,2.09,2.34,1.11,1.11,1.11
826.46,-0.99,-2.13,-0.99,-2.13,2.13,2.10,2.38,1.14,1.14,1.14
834.73,-0.96,-2.13,-0.96,-2.13,2.13,2.11,2.42,1.17,1.17,1.17
843.08,-0.93,-2.13,-0.93,-2.13,2.13,2.12,2.46,1.20,1.20,1.20
851.51,-0.89,-2.13,-0.89,-2.13,2.13,2.13,2.50,1.24,1.24,1.24
860.02,-0.85,-2.12,-0.85,-2.12,2.12,2.14,2.53,1.27,1.27,1.27
868.62,-0.81,-2.12,-0.81,-2.12,2.12,2.15,2.57,1.31,1.31,1.31
877.31,-0.77,-2.12,-0.77,-2.12,2.12,2.16,2.60,1.35,1.35,1.35
886.08,-0.72,-2.11,-0.72,-2.11,2.11,2.16,2.63,1.39,1.39,1.39
894.94,-0.67,-2.11,-0.67,-2.11,2.11,2.17,2.66,1.44,1.44,1.44
903.89,-0.62,-2.10,-0.62,-2.10,2.10,2.18,2.68,1.48,1.48,1.48
912.93,-0.56,-2.10,-0.56,-2.10,2.10,2.19,2.71,1.53,1.53,1.53
922.06,-0.51,-2.10,-0.51,-2.10,2.10,2.20,2.73,1.59,1.59,1.59
931.28,-0.45,-2.09,-0.45,-2.09,2.09,2.20,2.74,1.64,1.64,1.64
940.59,-0.39,-2.09,-0.39,-2.09,2.09,2.21,2.75,1.70,1.70,1.70
950.00,-0.33,-2.09,-0.33,-2.09,2.09,2.21,2.76,1.75,1.75,1.75
959.50,-0.27,-2.09,-0.27,-2.09,2.09,2.22,2.76,1.81,1.81,1.81
969.09,-0.21,-2.08,-0.21,-2.08,2.08,2.22,2.76,1.87,1.87,1.87
978.78,-0.14,-2.08,-0.14,-2.08,2.08,2.22,2.75,1.94,1.94,1.94
988.57,-0.08,-2.08,-0.08,-2.08,2.08,2.22,2.74,2.00,2.00,2.00
998.46,-0.01,-2.08,-0.01,-2.08,2.08,2.22,2.73,2.07,2.07,2.07
1008.44,0.06,-2.08,0.06,-2.08,2.08,2.22,2.70,2.14,2.14,2.13
1018.53,0.13,-2.07,0.13,-2.07,2.08,2.22,2.67,2.21,2.21,2.20
1028.71,0.20,-2.07,0.20,-2.07,2.07,2.22,2.64,2.28,2.28,2.28
1039.00,0.28,-2.07,0.28,-2.07,2.07,2.21,2.60,2.35,2.35,2.35
1049.39,0.35,-2.07,0.35,-2.07,2.07,2.20,2.56,2.42,2.42,2.43
1059.88,0.43,-2.07,0.43,-2.07,2.07,2.19,2.51,2.50,2.50,2.50
1070.48,0.51,-2.07,0.51,-2.07,2.07,2.18,2.46,2.57,2.57,2.58
1081.19,0.59,-2.06,0.59,-2.06,2.06,2.17,2.40,2.65,2.65,2.65
1092.00,0.67,-2.06,0.67,-2.06,2.06,2.15,2.34,2.73,2.73,2.73
1102.92,0.75,-2.05,0.75,-2.05,2.06,2.13,2.27,2.81,2.81,2.81
1113.95,0.84,-2.05,0.84,-2.05,2.05,2.12,2.21,2.89,2.89,2.89
1125.09,0.93,-2.04,0.93,-2.04,2.04,2.09,2.13,2.97,2.97,2.97
1136.34,1.02,-2.03,1.02,-2.03,2.03,2.07,2.06,3.05,3.05,3.05
1147.70,1.12,-2.02,1.12,-2.02,2.02,2.04,1.98,3.13,3.13,3.13
1159.18,1.21,-2.00,1.21,-2.00,2.00,2.01,1.90,3.22,3.22,3.22
1170.77,1.31,-1.98,1.31,-1.98,1.98,1.98,1.81,3.30,3.30,3.30
1182.48,1.42,-1.96,1.42,-1.96,1.96,1.95,1.73,3.38,3.38,3.38
1194.30,1.53,-1.92,1.53,-1.93,1.93,1.91,1.64,3.46,3.45,3.45
1206.25,1.64,-1.89,1.64,-1.89,1.89,1.87,1.56,3.53,3.53,3.53
1218.31,1.76,-1.85,1.76,-1.85,1.84,1.83,1.47,3.60,3.60,3.61
1230.49,1.89,-1.79,1.88,-1.79,1.79,1.79,1.38,3.67,3.67,3.68
1242.80,2.02,-1.73,2.02,-1.73,1.73,1.74,1.29,3.74,3.74,3.75
1255.22,2.16,-1.66,2.16,-1.66,1.66,1.69,1.20,3.81,3.81,3.82
1267.78,2.30,-1.58,2.30,-1.58,1.58,1.64,1.10,3.88,3.88,3.89
1280.45,2.45,-1.50,2.45,-1.50,1.50,1.59,1.01,3.95,3.95,3.95
1293.26,2.61,-1.41,2.61,-1.41,1.41,1.53,0.92,4.02,4.02,4.02
1306.19,2.76,-1.32,2.76,-1.32,1.32,1.47,0.83,4.08,4.08,4.08
1319.25,2.92,-1.22,2.92,-1.22,1.23,1.41,0.73,4.15,4.15,4.15
1332.45,3.08,-1.13,3.08,-1.13,1.14,1.34,0.64,4.22,4.22,4.21
1345.77,3.23,-1.05,3.23,-1.05,1.06,1.28,0.55,4.28,4.28,4.27
1359.23,3.37,-0.97,3.37,-0.97,0.98,1.21,0.46,4.35,4.35,4.34
1372.82,3.51,-0.90,3.51,-0.90,0.91,1.14,0.36,4.42,4.42,4.41
1386.55,3.64,-0.84,3.64,-0.84,0.84,1.07,0.27,4.48,4.48,4.48
1400.41,3.77,-0.78,3.77,-0.78,0.78,0.99,0.18,4.55,4.55,4.55
1414.42,3.89,-0.72,3.90,-0.72,0.72,0.91,0.09,4.61,4.62,4.62
1428.56,4.02,-0.67,4.02,-0.67,0.67,0.83,-0.01,4.68,4.68,4.68
1442.85,4.13,-0.61,4.13,-0.61,0.61,0.75,-0.10,4.75,4.75,4.75
1457.28,4.25,-0.57,4.25,-0.56,0.56,0.67,-0.19,4.81,4.81,4.81
1471.85,4.36,-0.52,4.36,-0.52,0.52,0.59,-0.28,4.88,4.88,4.88
1486.57,4.48,-0.47,4.48,-0.47,0.47,0.50,-0.38,4.95,4.95,4.95
1501.43,4.59,-0.42,4.59,-0.42,0.42,0.41,-0.47,5.01,5.01,5.01
1516.45,4.71,-0.37,4.71,-0.37,0.37,0.33,-0.56,5.08,5.08,5.08
1531.61,4.82,-0.32,4.82,-0.32,0.32,0.24,-0.65,5.15,5.15,5.15
1546.93,4.94,-0.28,4.94,-0.28,0.27,0.14,-0.74,5.22,5.22,5.22
1562.40,5.06,-0.23,5.06,-0.23,0.22,0.05,-0.84,5.29,5.29,5.29
1578.02,5.19,-0.17,5.19,-0.17,0.17,-0.04,-0.93,5.36,5.36,5.36
1593.80,5.31,-0.12,5.31,-0.12,0.12,-0.13,-1.02,5.44,5.44,5.44
1609.74,5.45,-0.06,5.45,-0.06,0.07,-0.23,-1.11,5.51,5.51,5.51
1625.84,5.58,-0.01,5.58,-0.01,0.01,-0.32,-1.20,5.59,5.59,5.59
1642.10,5.72,0.05,5.72,0.05,-0.05,-0.42,-1.29,5.67,5.67,5.67
1658.52,5.86,0.11,5.86,0.11,-0.11,-0.52,-1.37,5.75,5.75,5.75
1675.10,6.00,0.18,6.00,0.18,-0.18,-0.61,-1.46,5.83,5.83,5.83
1691.85,6.15,0.25,6.15,0.24,-0.25,-0.71,-1.55,5.91,5.91,5.91
1708.77,6.31,0.32,6.31,0.32,-0.32,-0.81,-1.63,5.99,5.99,5.99
1725.86,6.46,0.39,6.46,0.39,-0.40,-0.91,-1.72,6.07,6.07,6.07
1743.12,6.63,0.48,6.63,0.48,-0.48,-1.01,-1.80,6.15,6.15,6.15
1760.55,6.79,0.56,6.79,0.56,-0.56,-1.10,-1.88,6.23,6.23,6.23
1778.15,6.96,0.66,6.96,0.66,-0.66,-1.20,-1.95,6.31,6.31,6.31
1795.94,7.14,0.75,7.14,0.76,-0.75,-1.30,-2.03,6.38,6.38,6.38
1813.90,7.32,0.86,7.32,0.86,-0.86,-1.40,-2.10,6.46,6.46,6.46
1832.03,7.51,0.97,7.51,0.97,-0.97,-1.50,-2.17,6.54,6.54,6.54
1850.36,7.70,1.08,7.70,1.08,-1.08,-1.60,-2.23,6.62,6.62,6.62
1868.86,7.89,1.19,7.89,1.19,-1.19,-1.69,-2.30,6.70,6.70,6.70
1887.55,8.09,1.32,8.09,1.32,-1.32,-1.79,-2.36,6.78,6.78,6.78
1906.42,8.30,1.44,8.30,1.44,-1.44,-1.89,-2.41,6.86,6.86,6.86
1925.49,8.51,1.57,8.51,1.57,-1.57,-1.98,-2.46,6.94,6.94,6.94
1944.74,8.72,1.70,8.72,1.70,-1.70,-2.08,-2.51,7.02,7.02,7.02
1964.19,8.94,1.84,8.94,1.84,-1.84,-2.17,-2.55,7.10,7.10,7.10
1983.83,9.17,1.99,9.17,1.99,-1.99,-2.27,-2.59,7.18,7.18,7.18
2003.67,9.40,2.13,9.40,2.13,-2.13,-2.36,-2.63,7.27,7.27,7.27
2023.71,9.64,2.28,9.64,2.28,-2.28,-2.45,-2.66,7.35,7.35,7.35
2043.94,9.87,2.44,9.87,2.44,-2.44,-2.54,-2.68,7.44,7.44,7.44
2064.38,10.12,2.60,10.12,2.60,-2.60,-2.63,-2.71,7.52,7.52,7.52
2085.03,10.36,2.76,10.36,2.76,-2.76,-2.72,-2.72,7.61,7.61,7.61
2105.88,10.61,2.92,10.61,2.92,-2.92,-2.81,-2.74,7.69,7.69,7.69
2126.94,10.86,3.08,10.86,3.08,-3.08,-2.90,-2.75,7.78,7.78,7.78
2148.20,11.12,3.25,11.12,3.25,-3.25,-2.98,-2.76,7.86,7.87,7.86
2169.69,11.37,3.42,11.37,3.42,-3.42,-3.07,-2.76,7.95,7.95,7.95
2191.38,11.63,3.59,11.63,3.59,-3.59,-3.15,-2.76,8.04,8.04,8.04
2213.30,11.88,3.76,11.88,3.76,-3.76,-3.24,-2.76,8.13,8.13,8.13
2235.43,12.14,3.93,12.14,3.93,-3.93,-3.32,-2.76,8.21,8.21,8.21
2257.78,12.40,4.10,12.40,4.10,-4.10,-3.40,-2.75,8.30,8.30,8.30
2280.36,12.65,4.27,12.65,4.27,-4.27,-3.48,-2.75,8.38,8.38,8.39
2303.17,12.91,4.43,12.91,4.43,-4.44,-3.55,-2.74,8.47,8.47,8.47
2326.20,13.16,4.60,13.16,4.60,-4.60,-3.63,-2.73,8.55,8.55,8.56
2349.46,13.40,4.76,13.40,4.76,-4.77,-3.70,-2.72,8.64,8.64,8.65
2372.95,13.64,4.91,13.65,4.91,-4.92,-3.77,-2.72,8.72,8.73,8.73
2396.68,13.88,5.06,13.88,5.06,-5.06,-3.84,-2.71,8.82,8.81,8.82
2420.65,14.10,5.19,14.10,5.19,-5.19,-3.91,-2.70,8.91,8.90,8.90
2444.86,14.29,5.31,14.30,5.31,-5.30,-3.98,-2.69,8.99,9.00,8.99
2469.31,14.48,5.40,14.47,5.40,-5.39,-4.05,-2.69,9.09,9.08,9.07
2494.00,14.62,5.46,14.62,5.46,-5.45,-4.11,-2.68,9.17,9.17,9.15
2518.94,14.72,5.49,14.73,5.49,-5.47,-4.17,-2.68,9.25,9.25,9.24
2544.13,14.81,5.49,14.80,5.49,-5.47,-4.23,-2.67,9.34,9.33,9.31
2569.57,14.84,5.45,14.84,5.45,-5.43,-4.29,-2.67,9.41,9.41,9.39
2595.27,14.85,5.38,14.85,5.38,-5.36,-4.34,-2.67,9.49,9.49,9.47
2621.22,14.83,5.29,14.83,5.29,-5.27,-4.40,-2.67,9.56,9.56,9.54
2647.43,14.79,5.18,14.79,5.18,-5.17,-4.45,-2.68,9.62,9.62,9.61
2673.90,14.73,5.05,14.73,5.05,-5.06,-4.50,-2.69,9.67,9.67,9.68
2700.64,14.67,4.92,14.67,4.92,-4.95,-4.54,-2.69,9.72,9.72,9.75
2727.65,14.62,4.81,14.62,4.81,-4.84,-4.59,-2.71,9.78,9.78,9.81
2754.93,14.59,4.71,14.60,4.72,-4.75,-4.63,-2.72,9.84,9.85,9.88
2782.48,14.60,4.64,14.60,4.64,-4.68,-4.67,-2.74,9.93,9.93,9.96
2810.30,14.63,4.59,14.63,4.59,-4.61,-4.70,-2.75,10.02,10.02,10.04
2838.40,14.68,4.55,14.68,4.55,-4.55,-4.74,-2.77,10.13,10.13,10.12
2866.79,14.72,4.51,14.72,4.51,-4.50,-4.77,-2.80,10.23,10.23,10.21
2895.46,14.77,4.47,14.76,4.46,-4.44,-4.80,-2.82,10.33,10.33,10.30
2924.41,14.78,4.39,14.78,4.39,-4.37,-4.83,-2.85,10.41,10.41,10.39
2953.65,14.79,4.32,14.78,4.31,-4.29,-4.85,-2.88,10.49,10.49,10.47
2983.19,14.76,4.21,14.76,4.21,-4.20,-4.87,-2.92,10.55,10.56,10.54
3013.02,14.71,4.10,14.71,4.10,-4.10,-4.89,-2.95,10.62,10.62,10.61
3043.15,14.65,3.98,14.65,3.98,-3.98,-4.90,-2.99,10.67,10.67,10.67
3073.58,14.57,3.86,14.57,3.86,-3.86,-4.91,-3.03,10.72,10.72,10.71
3104.32,14.48,3.73,14.49,3.73,-3.73,-4.92,-3.07,10.76,10.76,10.76
3135.36,14.39,3.60,14.39,3.60,-3.60,-4.92,-3.12,10.79,10.79,10.80
3166.72,14.30,3.48,14.30,3.48,-3.48,-4.93,-3.16,10.82,10.82,10.82
3198.38,14.21,3.36,14.21,3.36,-3.36,-4.93,-3.21,10.85,10.85,10.85
3230.37,14.12,3.26,14.12,3.26,-3.25,-4.92,-3.26,10.87,10.87,10.86
3262.67,14.04,3.17,14.03,3.17,-3.16,-4.91,-3.31,10.88,10.87,10.87
3295.30,13.96,3.09,13.96,3.09,-3.09,-4.90,-3.36,10.87,10.87,10.87
3328.25,13.89,3.03,13.89,3.03,-3.03,-4.89,-3.41,10.86,10.86,10.86
3361.53,13.84,3.00,13.84,3.00,-3.01,-4.87,-3.46,10.83,10.83,10.84
3395.15,13.80,2.99,13.80,3.00,-3.01,-4.85,-3.51,10.79,10.79,10.81
3429.10,13.79,3.03,13.79,3.03,-3.05,-4.82,-3.56,10.75,10.74,10.76
3463.39,13.81,3.10,13.81,3.10,-3.12,-4.79,-3.61,10.69,10.69,10.71
3498.03,13.85,3.21,13.85,3.21,-3.23,-4.76,-3.66,10.62,10.63,10.64
3533.01,13.92,3.35,13.92,3.35,-3.36,-4.72,-3.70,10.56,10.56,10.57
3568.34,14.02,3.53,14.02,3.53,-3.53,-4.68,-3.75,10.49,10.48,10.49
3604.02,14.14,3.72,14.14,3.72,-3.73,-4.63,-3.79,10.41,10.41,10.42
3640.06,14.28,3.94,14.28,3.94,-3.95,-4.59,-3.82,10.33,10.33,10.34
3676.46,14.44,4.17,14.44,4.17,-4.18,-4.53,-3.85,10.26,10.26,10.27
3713.22,14.60,4.41,14.60,4.41,-4.42,-4.48,-3.88,10.19,10.19,10.19
3750.36,14.77,4.66,14.77,4.65,-4.66,-4.41,-3.90,10.12,10.12,10.12
3787.86,14.93,4.89,14.94,4.89,-4.89,-4.35,-3.92,10.04,10.05,10.05
3825.74,15.09,5.12,15.08,5.11,-5.11,-4.28,-3.92,9.98,9.98,9.97
3864.00,15.21,5.32,15.20,5.31,-5.30,-4.20,-3.93,9.91,9.90,9.89
3902.64,15.28,5.46,15.29,5.48,-5.47,-4.12,-3.92,9.81,9.82,9.81
3941.66,15.34,5.61,15.33,5.60,-5.59,-4.04,-3.91,9.74,9.74,9.73
3981.08,15.32,5.69,15.32,5.69,-5.67,-3.95,-3.88,9.65,9.65,9.63
4020.89,15.25,5.72,15.25,5.73,-5.71,-3.86,-3.86,9.54,9.54,9.52
4061.10,15.12,5.72,15.11,5.71,-5.69,-3.76,-3.82,9.43,9.42,9.41
4101.71,14.91,5.64,14.91,5.64,-5.62,-3.66,-3.77,9.28,9.29,9.27
4142.73,14.64,5.51,14.64,5.52,-5.50,-3.55,-3.72,9.13,9.14,9.12
4184.15,14.32,5.35,14.31,5.34,-5.33,-3.43,-3.66,8.99,8.98,8.97
4226.00,13.91,5.11,13.92,5.12,-5.11,-3.31,-3.59,8.81,8.81,8.80
4268.26,13.48,4.85,13.48,4.85,-4.84,-3.18,-3.52,8.64,8.64,8.63
4310.94,13.00,4.55,12.99,4.54,-4.53,-3.05,-3.43,8.47,8.46,8.45
4354.05,12.47,4.20,12.47,4.20,-4.20,-2.91,-3.35,8.27,8.27,8.26
4397.59,11.91,3.83,11.91,3.84,-3.84,-2.76,-3.25,8.07,8.07,8.07
4441.56,11.33,3.46,11.33,3.45,-3.47,-2.60,-3.15,7.87,7.86,7.88
4485.98,10.74,3.07,10.74,3.07,-3.08,-2.44,-3.05,7.65,7.65,7.67
4530.84,10.14,2.68,10.14,2.68,-2.70,-2.27,-2.94,7.44,7.44,7.46
4576.15,9.54,2.31,9.54,2.31,-2.32,-2.09,-2.83,7.22,7.22,7.23
4621.91,8.94,1.93,8.94,1.94,-1.95,-1.90,-2.71,7.00,7.00,7.01
4668.13,8.36,1.58,8.36,1.58,-1.58,-1.70,-2.60,6.77,6.77,6.78
4714.81,7.78,1.23,7.78,1.23,-1.23,-1.50,-2.48,6.55,6.55,6.55
4761.96,7.21,0.89,7.21,0.89,-0.89,-1.27,-2.35,6.32,6.32,6.32
4809.58,6.66,0.56,6.66,0.56,-0.57,-1.05,-2.23,6.09,6.10,6.10
4857.67,6.13,0.24,6.13,0.25,-0.25,-0.80,-2.10,5.87,5.88,5.88
4906.25,5.61,-0.06,5.61,-0.06,0.06,-0.55,-1.98,5.67,5.67,5.67
4955.31,5.11,-0.36,5.11,-0.36,0.36,-0.28,-1.85,5.47,5.47,5.46
5004.87,4.62,-0.65,4.62,-0.65,0.66,-0.01,-1.72,5.28,5.28,5.27
5054.91,4.16,-0.94,4.15,-0.94,0.95,0.29,-1.59,5.11,5.10,5.09
5105.46,3.71,-1.23,3.71,-1.23,1.23,0.59,-1.46,4.94,4.94,4.93
5156.52,3.27,-1.52,3.28,-1.51,1.51,0.91,-1.33,4.79,4.79,4.79
5208.08,2.86,-1.81,2.87,-1.81,1.79,1.24,-1.20,4.65,4.65,4.67
5260.16,2.47,-2.11,2.47,-2.11,2.06,1.59,-1.07,4.53,4.53,4.58
5312.77,2.09,-2.44,2.10,-2.43,2.33,1.94,-0.94,4.42,4.42,4.53
5365.89,1.73,-2.77,1.74,-2.77,2.59,2.30,-0.82,4.32,4.33,4.50
5419.55,1.39,-3.12,1.40,-3.13,2.85,2.66,-0.69,4.24,4.24,4.51
5473.75,1.07,-3.52,1.07,-3.51,3.11,3.01,-0.56,4.17,4.18,4.58
5528.49,0.76,-3.94,0.77,-3.92,3.36,3.37,-0.43,4.12,4.13,4.69
5583.77,0.47,-4.37,0.49,-4.38,3.62,3.70,-0.30,4.09,4.11,4.85
5639.61,0.21,-4.87,0.23,-4.86,3.88,4.02,-0.17,4.09,4.10,5.08
5696.00,-0.04,-5.40,-0.02,-5.38,4.17,4.29,-0.04,4.13,4.16,5.36
5752.96,-0.26,-5.93,-0.23,-5.92,4.47,4.55,0.09,4.21,4.24,5.67
5810.49,-0.47,-6.50,-0.43,-6.46,4.75,4.73,0.22,4.29,4.33,6.03
5868.60,-0.64,-7.02,-0.59,-6.97,5.00,4.88,0.35,4.35,4.40,6.38
5927.28,-0.80,-7.50,-0.73,-7.42,5.18,4.94,0.48,4.39,4.45,6.70
5986.56,-0.93,-7.88,-0.84,-7.76,5.30,4.99,0.61,4.37,4.46,6.95
6046.42,-1.02,-8.09,-0.92,-7.97,5.34,4.94,0.74,4.32,4.42,7.07
6106.89,-1.10,-8.17,-0.97,-8.00,5.31,4.87,0.88,4.21,4.34,7.08
6167.96,-1.13,-8.07,-0.97,-7.84,5.20,4.75,1.01,4.06,4.22,6.93
6229.64,-1.14,-7.73,-0.94,-7.49,5.02,4.60,1.14,3.88,4.08,6.60
6291.93,-1.10,-7.25,-0.86,-6.95,4.78,4.43,1.28,3.67,3.92,6.14
6354.85,-1.02,-6.58,-0.73,-6.27,4.50,4.25,1.41,3.48,3.76,5.57
6418.40,-0.90,-5.79,-0.56,-5.50,4.19,4.05,1.55,3.29,3.63,4.88
6482.58,-0.74,-4.99,-0.35,-4.74,3.89,3.86,1.68,3.15,3.54,4.25
6547.41,-0.51,-4.20,-0.09,-4.07,3.62,3.67,1.82,3.10,3.52,3.69
6612.88,-0.25,-3.63,0.20,-3.55,3.36,3.49,1.96,3.10,3.55,3.38
6679.01,0.07,-3.13,0.50,-3.15,3.11,3.32,2.09,3.18,3.61,3.20
6745.80,0.44,-2.69,0.82,-2.87,2.88,3.16,2.23,3.32,3.70,3.13
6813.26,0.86,-2.30,1.11,-2.64,2.68,3.01,2.37,3.54,3.80,3.15
6881.39,1.33,-1.89,1.38,-2.47,2.51,2.87,2.50,3.84,3.89,3.22
6950.21,1.85,-1.47,1.59,-2.35,2.39,2.76,2.63,4.24,3.98,3.32
7019.71,2.41,-1.06,1.75,-2.27,2.30,2.64,2.77,4.71,4.05,3.47
7089.91,3.01,-0.67,1.84,-2.23,2.25,2.55,2.89,5.26,4.09,3.68
7160.81,3.67,-0.26,1.87,-2.24,2.24,2.46,3.02,5.90,4.11,3.93
7232.41,4.36,0.12,1.85,-2.26,2.25,2.39,3.14,6.61,4.10,4.23
7304.74,5.08,0.47,1.79,-2.30,2.27,2.32,3.26,7.36,4.06,4.61
7377.79,5.85,0.82,1.69,-2.33,2.31,2.28,3.37,8.17,4.00,5.03
7451.56,6.64,1.13,1.56,-2.37,2.36,2.23,3.48,8.99,3.92,5.50
7526.08,7.41,1.36,1.42,-2.41,2.40,2.20,3.57,9.81,3.83,6.05
7601.34,8.15,1.52,1.27,-2.44,2.45,2.17,3.67,10.60,3.72,6.63
7677.35,8.76,1.53,1.12,-2.48,2.49,2.16,3.74,11.25,3.60,7.24
7754.13,9.32,1.50,0.95,-2.52,2.52,2.14,3.82,11.84,3.48,7.82
7831.67,9.56,1.24,0.79,-2.55,2.55,2.14,3.88,12.11,3.35,8.32
7909.98,9.64,0.91,0.64,-2.58,2.58,2.14,3.94,12.21,3.21,8.72
7989.08,9.46,0.52,0.48,-2.60,2.59,2.15,3.98,12.05,3.07,8.93
8068.98,8.94,0.02,0.34,-2.60,2.59,2.16,4.01,11.53,2.93,8.91
8149.67,8.24,-0.48,0.21,-2.59,2.57,2.18,4.03,10.81,2.79,8.71
8231.16,7.33,-0.95,0.10,-2.55,2.54,2.20,4.04,9.87,2.64,8.28
8313.47,6.26,-1.40,0.00,-2.50,2.49,2.22,4.04,8.75,2.49,7.66
8396.61,5.14,-1.82,-0.07,-2.44,2.43,2.25,4.03,7.56,2.35,6.95
8480.57,3.96,-2.21,-0.13,-2.36,2.35,2.29,4.01,6.31,2.22,6.18
8565.38,2.81,-2.54,-0.17,-2.27,2.27,2.32,3.98,5.08,2.10,5.36
8651.03,1.70,-2.84,-0.20,-2.18,2.18,2.36,3.94,3.89,1.99,4.54
8737.54,0.65,-3.08,-0.21,-2.09,2.10,2.40,3.90,2.75,1.89,3.73
8824.92,-0.32,-3.29,-0.21,-2.02,2.03,2.44,3.85,1.71,1.82,2.97
8913.17,-1.19,-3.44,-0.21,-1.95,1.96,2.49,3.80,0.78,1.75,2.25
9002.30,-2.02,-3.60,-0.21,-1.91,1.91,2.54,3.74,-0.11,1.70,1.58
9092.32,-2.75,-3.73,-0.22,-1.88,1.88,2.59,3.68,-0.87,1.66,0.98
9183.25,-3.41,-3.85,-0.23,-1.86,1.86,2.64,3.61,-1.55,1.63,0.44
9275.08,-4.02,-3.97,-0.25,-1.86,1.87,2.69,3.55,-2.16,1.61,-0.06
9367.83,-4.57,-4.08,-0.29,-1.88,1.89,2.75,3.48,-2.69,1.60,-0.49
9461.51,-5.06,-4.20,-0.33,-1.91,1.92,2.80,3.41,-3.13,1.59,-0.86
9556.12,-5.49,-4.31,-0.38,-1.96,1.98,2.86,3.35,-3.51,1.59,-1.18
9651.68,-5.87,-4.43,-0.44,-2.02,2.04,2.91,3.28,-3.84,1.60,-1.44
9748.20,-6.22,-4.59,-0.49,-2.10,2.10,2.97,3.22,-4.11,1.61,-1.63
9845.68,-6.50,-4.72,-0.55,-2.19,2.17,3.03,3.16,-4.32,1.63,-1.78
9944.14,-6.73,-4.86,-0.60,-2.27,2.24,3.09,3.11,-4.49,1.64,-1.87
10043.58,-6.92,-5.02,-0.65,-2.34,2.31,3.15,3.05,-4.61,1.66,-1.90
10144.02,-7.07,-5.18,-0.76,-2.38,2.37,3.21,3.00,-4.70,1.61,-1.89
10245.46,-7.14,-5.30,-0.87,-2.42,2.42,3.27,2.96,-4.72,1.55,-1.84
10347.91,-7.18,-5.42,-0.99,-2.46,2.47,3.33,2.92,-4.71,1.48,-1.75
10451.39,-7.16,-5.49,-1.10,-2.51,2.52,3.39,2.88,-4.64,1.41,-1.67
10555.91,-7.06,-5.48,-1.22,-2.55,2.56,3.46,2.85,-4.50,1.34,-1.58
10661.46,-6.90,-5.37,-1.35,-2.60,2.60,3.52,2.82,-4.29,1.26,-1.53
10768.08,-6.66,-5.18,-1.47,-2.65,2.65,3.58,2.80,-4.01,1.18,-1.49
10875.76,-6.33,-4.89,-1.60,-2.70,2.70,3.64,2.78,-3.62,1.11,-1.44
10984.52,-5.85,-4.48,-1.72,-2.76,2.76,3.70,2.77,-3.09,1.03,-1.37
11094.36,-5.28,-3.98,-1.86,-2.82,2.82,3.76,2.76,-2.46,0.96,-1.30
11205.31,-4.54,-3.29,-1.99,-2.88,2.88,3.83,2.76,-1.66,0.89,-1.24
11317.36,-3.52,-2.30,-2.13,-2.94,2.94,3.89,2.76,-0.58,0.81,-1.22
11430.53,-2.37,-1.10,-2.26,-3.00,3.00,3.95,2.78,0.63,0.74,-1.27
11544.84,-0.98,0.39,-2.40,-3.07,3.07,4.01,2.79,2.09,0.66,-1.37
11660.29,0.55,2.05,-2.55,-3.14,3.14,4.07,2.82,3.68,0.59,-1.50
11776.89,2.09,3.77,-2.69,-3.21,3.21,4.13,2.85,5.29,0.51,-1.68
11894.66,3.38,5.25,-2.84,-3.28,3.28,4.18,2.89,6.66,0.44,-1.87
12013.60,4.60,6.66,-2.99,-3.36,3.36,4.24,2.93,7.96,0.37,-2.05
12133.74,5.39,7.61,-3.14,-3.43,3.43,4.30,2.98,8.82,0.29,-2.22
12255.08,5.51,7.88,-3.30,-3.51,3.51,4.36,3.04,9.02,0.21,-2.37
12377.63,5.17,7.66,-3.45,-3.59,3.59,4.41,3.11,8.77,0.14,-2.49
12501.41,4.33,6.90,-3.61,-3.68,3.68,4.46,3.19,8.01,0.06,-2.56
12626.42,2.92,5.49,-3.77,-3.76,3.76,4.52,3.28,6.68,-0.01,-2.57
12752.68,1.25,3.77,-3.94,-3.85,3.85,4.57,3.38,5.10,-0.09,-2.52
12880.21,-0.51,1.88,-4.10,-3.94,3.94,4.62,3.49,3.43,-0.16,-2.39
13009.01,-2.28,-0.11,-4.27,-4.03,4.03,4.67,3.61,1.75,-0.24,-2.17
13139.10,-4.05,-2.16,-4.44,-4.13,4.13,4.72,3.75,0.08,-0.32,-1.89
13270.49,-5.51,-3.95,-4.62,-4.23,4.23,4.76,3.89,-1.28,-0.39,-1.55
13403.20,-6.83,-5.67,-4.79,-4.32,4.32,4.81,4.06,-2.51,-0.47,-1.16
13537.23,-7.83,-7.03,-4.97,-4.43,4.43,4.85,4.23,-3.40,-0.55,-0.80
13672.60,-8.68,-8.20,-5.15,-4.53,4.53,4.89,4.44,-4.15,-0.62,-0.47
13809.33,-9.37,-9.02,-5.33,-4.64,4.64,4.93,4.65,-4.74,-0.70,-0.36
13947.42,-9.87,-9.47,-5.52,-4.74,4.74,4.97,4.89,-5.12,-0.78,-0.40
14086.90,-10.22,-9.66,-5.71,-4.85,4.85,5.01,5.14,-5.36,-0.85,-0.55
14227.77,-10.48,-9.78,-5.90,-4.97,4.97,5.04,5.43,-5.51,-0.93,-0.70
14370.04,-10.63,-10.10,-6.09,-5.08,5.08,5.07,5.72,-5.55,-1.01,-0.54
14513.74,-10.65,-10.50,-6.28,-5.20,5.20,5.10,6.06,-5.45,-1.08,-0.16
14658.88,-10.47,-10.94,-6.48,-5.32,5.33,5.12,6.40,-5.14,-1.15,0.47
14805.47,-10.19,-11.10,-6.68,-5.44,5.46,5.14,6.78,-4.73,-1.22,0.91
14953.52,-9.74,-10.89,-6.88,-5.56,5.58,5.16,7.16,-4.16,-1.29,1.15
15103.06,-9.09,-10.17,-7.08,-5.69,5.70,5.17,7.57,-3.39,-1.39,1.08
15254.09,-8.34,-9.10,-7.29,-5.81,5.80,5.19,7.96,-2.55,-1.49,0.76
15406.63,-7.37,-7.83,-7.50,-5.94,5.88,5.19,8.34,-1.50,-1.62,0.46
15560.70,-6.39,-6.65,-7.71,-6.07,5.94,5.20,8.68,-0.45,-1.77,0.25
15716.30,-5.39,-6.01,-7.92,-6.21,5.99,5.19,8.93,0.59,-1.94,0.61
15873.47,-4.59,-5.87,-8.14,-6.35,6.01,5.19,9.10,1.42,-2.12,1.28
16032.20,-3.95,-6.17,-8.35,-6.48,6.02,5.18,9.11,2.08,-2.33,2.22
16192.52,-3.71,-7.00,-8.57,-6.63,6.02,5.16,9.01,2.31,-2.55,3.29
16354.45,-3.89,-8.13,-8.80,-6.77,6.01,5.14,8.72,2.12,-2.78,4.24
16517.99,-4.35,-9.41,-9.02,-6.91,6.00,5.11,8.35,1.65,-3.02,5.06
16683.17,-5.30,-10.88,-9.25,-7.06,6.00,5.07,7.83,0.70,-3.25,5.58
16850.01,-6.45,-12.17,-9.48,-7.21,6.00,5.03,7.29,-0.45,-3.48,5.72
17018.51,-7.73,-13.26,-9.71,-7.36,6.00,4.97,6.68,-1.73,-3.71,5.53
17188.69,-9.07,-13.92,-9.94,-7.52,6.00,4.91,6.08,-3.07,-3.94,4.85
17360.58,-10.28,-14.00,-10.18,-7.67,6.00,4.84,5.49,-4.28,-4.18,3.71
17534.18,-11.37,-13.74,-10.42,-7.83,6.00,4.76,4.92,-5.37,-4.42,2.36
17709.53,-12.18,-13.02,-10.66,-7.99,6.00,4.67,4.38,-6.18,-4.66,0.84
17886.62,-12.67,-12.10,-10.90,-8.15,6.00,4.57,3.88,-6.67,-4.90,-0.57
18065.49,-12.91,-11.12,-11.15,-8.32,6.00,4.45,3.42,-6.91,-5.15,-1.79
18246.14,-12.89,-10.09,-11.40,-8.49,6.00,4.32,3.00,-6.89,-5.40,-2.80
18428.60,-12.59,-9.06,-11.65,-8.66,6.00,4.18,2.62,-6.59,-5.65,-3.53
18612.89,-12.25,-7.91,-11.90,-8.83,6.00,4.02,2.27,-6.25,-5.90,-4.34
18799.02,-11.95,-6.68,-12.15,-9.00,6.00,3.84,1.96,-5.95,-6.15,-5.27
18987.01,-11.82,-5.16,-12.41,-9.18,6.00,3.65,1.67,-5.82,-6.41,-6.66
19176.88,-12.09,-3.73,-12.67,-9.36,6.00,3.44,1.43,-6.09,-6.67,-8.36
19368.65,-12.70,-2.51,-12.93,-9.54,6.00,3.22,1.20,-6.70,-6.93,-10.19
19562.33,-13.60,-1.73,-13.20,-9.72,6.00,2.97,1.00,-7.60,-7.20,-11.88
19757.96,-14.73,-1.90,-13.46,-9.90,6.00,2.72,0.81,-8.73,-7.46,-12.82
19955.54,-15.85,-2.34,-13.73,-10.09,6.00,2.48,0.61,-9.85,-7.73,-13.52
