frequency,raw,error,smoothed,error_smoothed,equalization,parametric_eq,fixed_band_eq,equalized_raw,equalized_smoothed,target
20.00,7.43,-1.01,7.44,-0.99,0.98,0.80,0.53,8.41,8.42,8.44
20.20,7.48,-0.96,7.47,-0.97,0.98,0.86,0.55,8.45,8.45,8.44
20.40,7.53,-0.93,7.50,-0.96,0.97,0.92,0.56,8.50,8.47,8.46
20.61,7.53,-0.95,7.53,-0.95,0.97,0.97,0.58,8.49,8.49,8.48
20.81,7.53,-0.98,7.55,-0.96,0.96,1.01,0.60,8.49,8.51,8.51
21.02,7.57,-0.97,7.57,-0.96,0.96,1.04,0.62,8.53,8.53,8.54
21.23,7.63,-0.94,7.60,-0.97,0.96,1.06,0.63,8.59,8.56,8.57
21.44,7.63,-0.97,7.64,-0.96,0.95,1.06,0.65,8.58,8.59,8.60
21.66,7.65,-0.98,7.67,-0.96,0.95,1.06,0.67,8.60,8.62,8.63
21.87,7.72,-0.94,7.69,-0.97,0.95,1.04,0.70,8.67,8.64,8.66
22.09,7.73,-0.96,7.74,-0.95,0.95,1.02,0.72,8.68,8.69,8.69
22.31,7.77,-0.95,7.78,-0.94,0.96,0.99,0.74,8.72,8.74,8.72
22.54,7.83,-0.92,7.81,-0.95,0.96,0.96,0.76,8.79,8.77,8.75
22.76,7.83,-0.95,7.83,-0.95,0.98,0.94,0.78,8.81,8.81,8.78
22.99,7.83,-0.99,7.83,-0.98,0.99,0.92,0.81,8.82,8.83,8.81
23.22,7.83,-1.02,7.83,-1.02,1.01,0.91,0.83,8.84,8.84,8.84
23.45,7.83,-1.05,7.82,-1.05,1.03,0.89,0.86,8.86,8.86,8.87
23.69,7.83,-1.08,7.84,-1.06,1.05,0.89,0.88,8.88,8.89,8.90
23.92,7.86,-1.08,7.87,-1.07,1.06,0.89,0.91,8.92,8.93,8.93
24.16,7.92,-1.04,7.90,-1.07,1.06,0.89,0.93,8.98,8.96,8.96
24.40,7.93,-1.06,7.94,-1.06,1.05,0.89,0.96,8.98,8.98,8.99
24.65,7.97,-1.06,7.98,-1.05,1.03,0.90,0.98,8.99,9.00,9.02
24.89,8.03,-1.02,8.02,-1.03,1.01,0.92,1.01,9.03,9.03,9.05
25.14,8.09,-0.99,8.10,-0.98,0.98,0.93,1.04,9.07,9.08,9.08
25.39,8.16,-0.94,8.16,-0.94,0.97,0.95,1.06,9.13,9.13,9.10
25.65,8.23,-0.90,8.21,-0.92,0.95,0.97,1.09,9.18,9.16,9.13
25.91,8.23,-0.93,8.23,-0.92,0.95,0.99,1.12,9.18,9.18,9.16
26.16,8.23,-0.95,8.24,-0.95,0.95,1.01,1.14,9.18,9.18,9.18
26.43,8.23,-0.98,8.23,-0.98,0.96,1.04,1.17,9.19,9.19,9.20
26.69,8.23,-1.00,8.23,-1.00,0.98,1.06,1.20,9.21,9.21,9.23
26.96,8.23,-1.02,8.23,-1.01,1.01,1.09,1.22,9.24,9.25,9.25
27.23,8.23,-1.04,8.23,-1.04,1.05,1.12,1.24,9.28,9.28,9.27
27.50,8.23,-1.06,8.21,-1.08,1.09,1.14,1.27,9.32,9.30,9.29
27.77,8.17,-1.13,8.18,-1.12,1.14,1.17,1.29,9.31,9.32,9.30
28.05,8.13,-1.19,8.15,-1.17,1.18,1.20,1.31,9.31,9.33,9.32
28.33,8.13,-1.21,8.11,-1.23,1.22,1.22,1.33,9.35,9.33,9.33
28.62,8.07,-1.27,8.07,-1.27,1.26,1.24,1.35,9.34,9.33,9.35
28.90,8.03,-1.33,8.05,-1.31,1.29,1.26,1.36,9.32,9.34,9.36
29.19,8.03,-1.33,8.03,-1.34,1.32,1.28,1.38,9.35,9.35,9.36
29.48,8.03,-1.34,8.02,-1.34,1.34,1.30,1.39,9.36,9.36,9.37
29.78,8.03,-1.34,8.03,-1.34,1.34,1.31,1.40,9.37,9.37,9.37
30.08,8.03,-1.34,8.03,-1.34,1.34,1.32,1.41,9.37,9.37,9.36
30.38,8.03,-1.33,8.03,-1.33,1.33,1.33,1.42,9.36,9.36,9.36
30.68,8.03,-1.31,8.03,-1.31,1.31,1.33,1.42,9.34,9.34,9.34
30.99,8.03,-1.30,8.03,-1.30,1.30,1.33,1.42,9.33,9.33,9.33
31.30,8.03,-1.28,8.03,-1.28,1.29,1.32,1.42,9.32,9.32,9.31
31.61,8.03,-1.27,8.03,-1.26,1.28,1.31,1.42,9.31,9.32,9.29
31.93,8.03,-1.25,8.03,-1.25,1.27,1.30,1.41,9.30,9.30,9.28
32.24,8.03,-1.23,8.00,-1.26,1.26,1.28,1.40,9.29,9.26,9.26
32.57,7.98,-1.26,7.99,-1.25,1.24,1.26,1.39,9.21,9.23,9.24
32.89,7.95,-1.27,7.98,-1.24,1.21,1.24,1.38,9.16,9.19,9.22
33.22,8.03,-1.17,7.99,-1.21,1.17,1.22,1.36,9.20,9.16,9.20
33.55,8.03,-1.15,8.03,-1.15,1.12,1.19,1.35,9.15,9.15,9.18
33.89,8.07,-1.09,8.08,-1.08,1.07,1.16,1.33,9.14,9.16,9.16
34.23,8.13,-1.01,8.13,-1.01,1.01,1.13,1.31,9.15,9.15,9.14
34.57,8.20,-0.92,8.19,-0.93,0.96,1.10,1.28,9.16,9.15,9.12
34.92,8.23,-0.87,8.22,-0.88,0.90,1.06,1.26,9.13,9.13,9.10
35.27,8.23,-0.85,8.23,-0.84,0.86,1.03,1.23,9.09,9.09,9.08
35.62,8.23,-0.83,8.23,-0.83,0.83,1.00,1.21,9.05,9.06,9.06
35.97,8.23,-0.81,8.23,-0.80,0.81,0.96,1.18,9.04,9.04,9.04
36.33,8.23,-0.79,8.23,-0.78,0.80,0.93,1.15,9.03,9.03,9.01
36.70,8.23,-0.76,8.21,-0.78,0.79,0.90,1.12,9.02,9.00,8.99
37.06,8.18,-0.79,8.18,-0.79,0.78,0.86,1.09,8.96,8.96,8.97
37.43,8.13,-0.82,8.15,-0.80,0.77,0.83,1.06,8.90,8.92,8.95
37.81,8.13,-0.80,8.13,-0.80,0.76,0.80,1.03,8.89,8.88,8.92
38.19,8.13,-0.77,8.12,-0.78,0.74,0.77,0.99,8.87,8.87,8.90
38.57,8.13,-0.75,8.13,-0.74,0.74,0.74,0.96,8.87,8.87,8.88
38.95,8.13,-0.72,8.13,-0.72,0.74,0.71,0.93,8.87,8.88,8.85
39.34,8.13,-0.70,8.12,-0.70,0.76,0.68,0.90,8.89,8.89,8.83
39.74,8.09,-0.72,8.08,-0.72,0.79,0.66,0.87,8.88,8.87,8.81
40.14,8.02,-0.76,8.00,-0.78,0.83,0.63,0.84,8.85,8.83,8.78
40.54,7.88,-0.87,7.90,-0.86,0.87,0.61,0.80,8.75,8.77,8.76
40.94,7.79,-0.94,7.79,-0.94,0.91,0.58,0.77,8.70,8.70,8.73
41.35,7.72,-0.98,7.71,-1.00,0.93,0.56,0.74,8.65,8.64,8.70
41.76,7.65,-1.03,7.67,-1.01,0.93,0.54,0.71,8.58,8.60,8.68
42.18,7.68,-0.98,7.68,-0.97,0.91,0.52,0.68,8.58,8.59,8.65
42.60,7.75,-0.88,7.74,-0.89,0.85,0.50,0.65,8.60,8.59,8.63
43.03,7.82,-0.78,7.81,-0.79,0.78,0.48,0.62,8.60,8.59,8.60
43.46,7.89,-0.68,7.89,-0.68,0.70,0.46,0.59,8.59,8.59,8.57
43.90,7.96,-0.59,7.96,-0.58,0.62,0.44,0.56,8.58,8.59,8.54
44.33,8.02,-0.50,8.01,-0.51,0.57,0.43,0.53,8.59,8.58,8.52
44.78,8.03,-0.46,8.02,-0.47,0.53,0.41,0.51,8.56,8.55,8.49
45.23,8.00,-0.46,7.99,-0.47,0.52,0.39,0.48,8.52,8.51,8.46
45.68,7.93,-0.50,7.93,-0.50,0.52,0.38,0.45,8.45,8.46,8.43
46.13,7.86,-0.55,7.86,-0.55,0.53,0.37,0.42,8.39,8.39,8.40
46.60,7.79,-0.59,7.78,-0.59,0.53,0.35,0.40,8.32,8.32,8.37
47.06,7.73,-0.61,7.74,-0.60,0.53,0.34,0.37,8.26,8.27,8.34
47.53,7.73,-0.58,7.74,-0.58,0.51,0.33,0.35,8.24,8.25,8.31
48.01,7.77,-0.51,7.78,-0.50,0.48,0.32,0.32,8.25,8.26,8.28
48.49,7.84,-0.41,7.84,-0.41,0.43,0.31,0.30,8.27,8.27,8.25
48.97,7.91,-0.31,7.89,-0.32,0.36,0.29,0.27,8.27,8.26,8.22
49.46,7.93,-0.26,7.92,-0.27,0.29,0.28,0.25,8.22,8.21,8.19
49.96,7.93,-0.23,7.93,-0.22,0.21,0.28,0.23,8.14,8.14,8.15
50.46,7.93,-0.19,7.95,-0.17,0.14,0.27,0.20,8.07,8.09,8.12
50.96,7.99,-0.10,7.99,-0.10,0.08,0.26,0.18,8.07,8.07,8.09
51.47,8.03,-0.03,8.02,-0.04,0.05,0.25,0.16,8.08,8.07,8.06
51.99,8.03,0.01,8.02,-0.01,0.04,0.24,0.14,8.07,8.06,8.02
52.51,7.97,-0.02,7.98,-0.01,0.07,0.23,0.12,8.03,8.04,7.99
53.03,7.90,-0.06,7.91,-0.05,0.11,0.23,0.10,8.01,8.02,7.95
53.56,7.81,-0.11,7.80,-0.12,0.18,0.22,0.08,7.99,7.98,7.92
54.10,7.68,-0.21,7.66,-0.22,0.25,0.21,0.06,7.93,7.91,7.88
54.64,7.50,-0.35,7.50,-0.35,0.32,0.20,0.04,7.82,7.82,7.85
55.18,7.32,-0.50,7.35,-0.46,0.38,0.20,0.02,7.70,7.73,7.81
55.74,7.25,-0.53,7.25,-0.53,0.42,0.19,0.00,7.67,7.67,7.78
56.29,7.23,-0.51,7.23,-0.51,0.43,0.19,-0.01,7.66,7.66,7.74
56.86,7.25,-0.46,7.26,-0.44,0.42,0.18,-0.03,7.67,7.68,7.70
57.42,7.32,-0.35,7.30,-0.37,0.39,0.18,-0.04,7.71,7.69,7.67
58.00,7.33,-0.30,7.33,-0.30,0.35,0.17,-0.06,7.68,7.68,7.63
58.58,7.33,-0.26,7.34,-0.25,0.31,0.17,-0.07,7.64,7.65,7.59
59.16,7.33,-0.22,7.31,-0.24,0.29,0.16,-0.08,7.61,7.60,7.55
59.76,7.27,-0.25,7.27,-0.24,0.28,0.16,-0.10,7.54,7.54,7.51
60.35,7.20,-0.27,7.21,-0.27,0.28,0.15,-0.11,7.48,7.49,7.47
60.96,7.13,-0.30,7.13,-0.30,0.30,0.15,-0.12,7.43,7.43,7.43
61.57,7.06,-0.34,7.05,-0.34,0.32,0.14,-0.13,7.38,7.37,7.39
62.18,6.99,-0.37,6.99,-0.37,0.34,0.14,-0.13,7.32,7.33,7.35
62.80,6.93,-0.38,6.94,-0.37,0.34,0.14,-0.14,7.27,7.29,7.31
63.43,6.93,-0.34,6.92,-0.35,0.33,0.13,-0.15,7.26,7.26,7.27
64.07,6.93,-0.30,6.92,-0.31,0.31,0.13,-0.15,7.23,7.22,7.23
64.71,6.93,-0.26,6.93,-0.26,0.26,0.13,-0.16,7.19,7.19,7.19
65.35,6.93,-0.22,6.95,-0.20,0.20,0.12,-0.16,7.13,7.14,7.15
66.01,6.98,-0.12,6.97,-0.13,0.12,0.12,-0.17,7.10,7.09,7.10
66.67,7.03,-0.03,7.01,-0.05,0.04,0.12,-0.17,7.06,7.04,7.06
67.33,7.03,0.01,7.05,0.03,-0.05,0.11,-0.17,6.98,7.00,7.02
68.01,7.09,0.12,7.11,0.13,-0.13,0.11,-0.17,6.96,6.97,6.97
68.69,7.16,0.23,7.15,0.23,-0.21,0.11,-0.17,6.94,6.94,6.93
69.37,7.23,0.34,7.18,0.30,-0.28,0.11,-0.18,6.95,6.91,6.88
70.07,7.16,0.32,7.18,0.34,-0.32,0.10,-0.17,6.84,6.86,6.84
70.77,7.13,0.33,7.16,0.36,-0.34,0.10,-0.17,6.79,6.82,6.79
71.48,7.13,0.38,7.11,0.36,-0.33,0.10,-0.17,6.80,6.78,6.75
72.19,7.06,0.36,7.05,0.34,-0.30,0.10,-0.17,6.76,6.75,6.70
72.91,6.95,0.29,6.94,0.28,-0.26,0.09,-0.17,6.69,6.69,6.66
73.64,6.80,0.19,6.81,0.20,-0.20,0.09,-0.17,6.60,6.61,6.61
74.38,6.67,0.11,6.68,0.12,-0.15,0.09,-0.16,6.52,6.53,6.56
75.12,6.58,0.06,6.58,0.06,-0.11,0.09,-0.16,6.47,6.47,6.52
75.87,6.51,0.04,6.50,0.03,-0.08,0.09,-0.16,6.43,6.42,6.47
76.63,6.44,0.02,6.46,0.04,-0.08,0.08,-0.16,6.37,6.38,6.42
77.40,6.43,0.06,6.43,0.06,-0.09,0.08,-0.15,6.34,6.34,6.37
78.17,6.43,0.10,6.43,0.10,-0.11,0.08,-0.15,6.32,6.32,6.32
78.95,6.43,0.15,6.43,0.16,-0.14,0.08,-0.15,6.29,6.30,6.28
79.74,6.43,0.20,6.42,0.19,-0.15,0.08,-0.14,6.27,6.27,6.23
80.54,6.40,0.22,6.39,0.21,-0.16,0.08,-0.14,6.24,6.24,6.18
81.35,6.33,0.20,6.34,0.21,-0.15,0.08,-0.14,6.18,6.19,6.13
82.16,6.27,0.19,6.25,0.17,-0.14,0.07,-0.13,6.13,6.12,6.08
82.98,6.16,0.13,6.15,0.12,-0.12,0.07,-0.13,6.04,6.03,6.03
83.81,6.03,0.05,6.05,0.07,-0.11,0.07,-0.13,5.91,5.93,5.98
84.65,5.96,0.03,5.96,0.03,-0.12,0.07,-0.12,5.84,5.85,5.93
85.50,5.93,0.05,5.93,0.05,-0.13,0.07,-0.12,5.80,5.80,5.88
86.35,5.94,0.11,5.95,0.12,-0.16,0.07,-0.12,5.78,5.79,5.83
87.22,6.01,0.23,5.99,0.21,-0.20,0.07,-0.12,5.81,5.79,5.78
88.09,6.03,0.30,6.03,0.30,-0.24,0.07,-0.11,5.79,5.79,5.73
88.97,6.03,0.35,6.04,0.36,-0.29,0.06,-0.11,5.74,5.75,5.68
89.86,6.03,0.40,5.99,0.36,-0.33,0.06,-0.11,5.70,5.66,5.63
90.76,5.91,0.33,5.93,0.35,-0.35,0.06,-0.11,5.56,5.58,5.58
91.66,5.83,0.30,5.87,0.34,-0.36,0.06,-0.10,5.47,5.51,5.53
92.58,5.83,0.35,5.80,0.33,-0.34,0.06,-0.10,5.49,5.46,5.48
93.51,5.77,0.34,5.77,0.34,-0.32,0.06,-0.10,5.45,5.45,5.43
94.44,5.70,0.32,5.70,0.32,-0.29,0.06,-0.10,5.40,5.41,5.38
95.39,5.63,0.30,5.60,0.27,-0.28,0.06,-0.10,5.35,5.32,5.33
96.34,5.49,0.22,5.51,0.24,-0.27,0.06,-0.09,5.22,5.24,5.28
97.30,5.43,0.20,5.45,0.22,-0.27,0.06,-0.09,5.16,5.18,5.23
98.28,5.43,0.25,5.42,0.24,-0.28,0.06,-0.09,5.15,5.14,5.18
99.26,5.43,0.29,5.43,0.29,-0.29,0.06,-0.09,5.14,5.14,5.14
100.25,5.43,0.34,5.43,0.33,-0.30,0.06,-0.09,5.13,5.12,5.09
101.25,5.42,0.36,5.40,0.35,-0.32,0.05,-0.09,5.10,5.08,5.05
102.27,5.37,0.35,5.37,0.36,-0.34,0.05,-0.09,5.02,5.03,5.02
103.29,5.33,0.35,5.34,0.36,-0.36,0.05,-0.09,4.97,4.98,4.98
104.32,5.31,0.37,5.30,0.36,-0.37,0.05,-0.08,4.94,4.93,4.94
105.37,5.26,0.35,5.27,0.36,-0.37,0.05,-0.08,4.89,4.90,4.91
106.42,5.23,0.36,5.24,0.37,-0.36,0.05,-0.08,4.87,4.88,4.87
107.48,5.20,0.37,5.19,0.36,-0.34,0.05,-0.08,4.86,4.85,4.84
108.56,5.15,0.35,5.14,0.34,-0.32,0.05,-0.08,4.83,4.82,4.80
109.64,5.06,0.30,5.08,0.31,-0.30,0.05,-0.08,4.76,4.78,4.77
110.74,4.99,0.26,4.99,0.26,-0.27,0.05,-0.08,4.72,4.72,4.73
111.85,4.94,0.24,4.92,0.22,-0.24,0.05,-0.08,4.69,4.67,4.69
112.97,4.83,0.18,4.87,0.22,-0.21,0.05,-0.08,4.62,4.66,4.66
114.10,4.83,0.21,4.82,0.20,-0.19,0.05,-0.08,4.64,4.63,4.62
115.24,4.80,0.22,4.76,0.18,-0.18,0.05,-0.08,4.62,4.58,4.58
116.39,4.69,0.14,4.71,0.16,-0.18,0.05,-0.08,4.51,4.53,4.54
117.55,4.63,0.12,4.65,0.15,-0.19,0.05,-0.08,4.44,4.47,4.51
118.73,4.63,0.16,4.62,0.15,-0.19,0.05,-0.08,4.44,4.43,4.47
119.92,4.63,0.20,4.63,0.20,-0.18,0.05,-0.08,4.44,4.44,4.43
121.12,4.63,0.24,4.64,0.24,-0.18,0.05,-0.08,4.45,4.46,4.39
122.33,4.61,0.26,4.59,0.24,-0.17,0.05,-0.08,4.44,4.42,4.35
123.55,4.55,0.24,4.51,0.19,-0.17,0.05,-0.08,4.38,4.34,4.32
124.79,4.37,0.09,4.42,0.14,-0.18,0.05,-0.07,4.19,4.24,4.28
126.03,4.33,0.09,4.35,0.11,-0.19,0.05,-0.07,4.14,4.16,4.24
127.29,4.33,0.13,4.31,0.12,-0.19,0.05,-0.07,4.14,4.13,4.20
128.57,4.33,0.17,4.33,0.17,-0.18,0.05,-0.07,4.15,4.15,4.16
129.85,4.33,0.21,4.33,0.21,-0.17,0.05,-0.07,4.16,4.16,4.12
131.15,4.32,0.24,4.31,0.23,-0.16,0.05,-0.07,4.16,4.15,4.08
132.46,4.26,0.22,4.24,0.20,-0.14,0.05,-0.07,4.11,4.10,4.04
133.79,4.15,0.15,4.15,0.15,-0.12,0.05,-0.07,4.03,4.03,4.00
135.12,4.02,0.07,4.05,0.09,-0.10,0.05,-0.07,3.92,3.95,3.96
136.48,3.95,0.04,3.92,0.01,-0.07,0.05,-0.07,3.89,3.86,3.92
137.84,3.84,-0.03,3.84,-0.03,-0.04,0.05,-0.07,3.81,3.81,3.87
139.22,3.74,-0.09,3.80,-0.03,-0.01,0.05,-0.07,3.73,3.80,3.83
140.61,3.81,0.02,3.77,-0.02,0.02,0.05,-0.07,3.83,3.79,3.79
142.02,3.78,0.03,3.75,0.01,0.03,0.05,-0.07,3.81,3.79,3.75
143.44,3.71,-0.00,3.72,0.01,0.05,0.05,-0.07,3.75,3.76,3.71
144.87,3.64,-0.03,3.64,-0.03,0.05,0.05,-0.07,3.69,3.69,3.66
146.32,3.56,-0.06,3.56,-0.07,0.06,0.05,-0.07,3.62,3.61,3.62
147.78,3.49,-0.09,3.49,-0.09,0.06,0.05,-0.07,3.55,3.56,3.58
149.26,3.43,-0.11,3.45,-0.09,0.06,0.05,-0.07,3.49,3.51,3.54
150.75,3.43,-0.06,3.41,-0.08,0.06,0.05,-0.07,3.49,3.47,3.49
152.26,3.39,-0.06,3.38,-0.07,0.06,0.06,-0.07,3.44,3.44,3.45
153.78,3.34,-0.07,3.35,-0.05,0.05,0.06,-0.06,3.38,3.40,3.41
155.32,3.33,-0.03,3.34,-0.03,0.03,0.06,-0.06,3.36,3.37,3.36
156.88,3.33,0.01,3.32,-0.00,0.02,0.06,-0.06,3.35,3.34,3.32
158.44,3.31,0.03,3.29,0.02,0.01,0.06,-0.06,3.32,3.30,3.27
160.03,3.23,-0.00,3.24,0.01,0.01,0.06,-0.06,3.23,3.25,3.23
161.63,3.17,-0.01,3.18,-0.01,0.01,0.06,-0.06,3.19,3.19,3.19
163.24,3.12,-0.02,3.11,-0.03,0.03,0.06,-0.06,3.14,3.13,3.14
164.88,3.03,-0.06,3.05,-0.05,0.05,0.06,-0.07,3.09,3.10,3.10
166.53,2.98,-0.07,2.98,-0.07,0.08,0.06,-0.07,3.06,3.06,3.05
168.19,2.92,-0.09,2.91,-0.10,0.11,0.06,-0.07,3.03,3.02,3.01
169.87,2.83,-0.13,2.83,-0.13,0.14,0.06,-0.07,2.97,2.97,2.96
171.57,2.75,-0.17,2.75,-0.16,0.15,0.06,-0.07,2.90,2.91,2.92
173.29,2.69,-0.18,2.68,-0.19,0.15,0.06,-0.07,2.84,2.84,2.87
175.02,2.63,-0.20,2.64,-0.18,0.14,0.07,-0.07,2.76,2.78,2.82
176.77,2.63,-0.15,2.62,-0.16,0.11,0.07,-0.07,2.74,2.73,2.78
178.54,2.63,-0.10,2.63,-0.10,0.08,0.07,-0.07,2.71,2.71,2.73
180.32,2.64,-0.05,2.66,-0.02,0.05,0.07,-0.07,2.69,2.71,2.69
182.13,2.70,0.06,2.68,0.04,0.01,0.07,-0.07,2.71,2.69,2.64
183.95,2.68,0.09,2.66,0.07,-0.01,0.07,-0.07,2.67,2.65,2.59
185.79,2.60,0.06,2.62,0.07,-0.03,0.07,-0.07,2.57,2.58,2.55
187.65,2.54,0.04,2.55,0.05,-0.05,0.07,-0.08,2.49,2.50,2.50
189.52,2.48,0.02,2.47,0.02,-0.05,0.07,-0.08,2.43,2.42,2.45
191.42,2.41,0.01,2.41,0.01,-0.04,0.08,-0.08,2.38,2.38,2.41
193.33,2.35,-0.01,2.37,0.01,-0.02,0.08,-0.08,2.33,2.34,2.36
195.27,2.33,0.02,2.32,0.01,-0.01,0.08,-0.08,2.32,2.32,2.31
197.22,2.29,0.02,2.28,0.01,0.01,0.08,-0.08,2.30,2.28,2.27
199.19,2.22,0.00,2.22,0.01,0.01,0.08,-0.08,2.24,2.24,2.22
201.18,2.16,-0.02,2.15,-0.02,0.02,0.08,-0.08,2.17,2.17,2.17
203.19,2.09,-0.04,2.09,-0.03,0.02,0.08,-0.09,2.10,2.11,2.12
205.23,2.03,-0.05,2.05,-0.03,0.02,0.09,-0.09,2.05,2.07,2.08
207.28,2.03,-0.00,2.01,-0.02,0.02,0.09,-0.09,2.04,2.02,2.03
209.35,1.98,0.00,1.98,-0.00,0.01,0.09,-0.09,1.99,1.99,1.98
211.44,1.93,-0.01,1.95,0.01,-0.00,0.09,-0.09,1.92,1.95,1.94
213.56,1.93,0.04,1.91,0.02,-0.02,0.09,-0.09,1.91,1.88,1.89
215.69,1.87,0.03,1.87,0.03,-0.05,0.09,-0.09,1.83,1.83,1.84
217.85,1.83,0.03,1.85,0.05,-0.07,0.10,-0.09,1.76,1.78,1.79
220.03,1.83,0.08,1.83,0.08,-0.08,0.10,-0.09,1.75,1.75,1.75
222.23,1.83,0.13,1.82,0.12,-0.10,0.10,-0.09,1.73,1.72,1.70
224.45,1.81,0.16,1.79,0.14,-0.12,0.10,-0.09,1.70,1.68,1.65
226.70,1.74,0.13,1.74,0.13,-0.13,0.10,-0.09,1.61,1.61,1.61
228.96,1.66,0.10,1.69,0.12,-0.13,0.11,-0.09,1.53,1.55,1.56
231.25,1.63,0.11,1.64,0.13,-0.13,0.11,-0.08,1.49,1.51,1.51
233.57,1.63,0.16,1.61,0.14,-0.13,0.11,-0.08,1.50,1.48,1.47
235.90,1.57,0.14,1.56,0.14,-0.12,0.11,-0.08,1.45,1.44,1.42
238.26,1.49,0.11,1.49,0.12,-0.11,0.11,-0.08,1.37,1.38,1.37
240.64,1.41,0.08,1.42,0.09,-0.11,0.12,-0.07,1.30,1.31,1.33
243.05,1.35,0.07,1.37,0.08,-0.11,0.12,-0.07,1.24,1.26,1.28
245.48,1.33,0.09,1.32,0.09,-0.11,0.12,-0.06,1.22,1.22,1.24
247.93,1.31,0.11,1.29,0.10,-0.10,0.12,-0.06,1.21,1.19,1.19
250.41,1.24,0.10,1.27,0.13,-0.09,0.13,-0.05,1.15,1.18,1.15
252.92,1.23,0.13,1.22,0.11,-0.09,0.13,-0.04,1.14,1.13,1.10
255.45,1.20,0.14,1.15,0.09,-0.08,0.13,-0.04,1.12,1.07,1.06
258.00,1.03,0.02,1.09,0.08,-0.07,0.14,-0.03,0.95,1.02,1.01
260.58,1.03,0.06,1.03,0.06,-0.07,0.14,-0.02,0.96,0.96,0.97
263.19,1.00,0.07,0.97,0.05,-0.06,0.14,-0.01,0.94,0.91,0.93
265.82,0.93,0.05,0.93,0.05,-0.06,0.15,-0.00,0.87,0.87,0.88
268.48,0.87,0.03,0.88,0.04,-0.06,0.15,0.01,0.80,0.81,0.84
271.16,0.83,0.03,0.84,0.05,-0.07,0.15,0.02,0.76,0.77,0.80
273.87,0.83,0.07,0.83,0.08,-0.07,0.16,0.03,0.76,0.76,0.75
276.61,0.83,0.12,0.82,0.10,-0.07,0.16,0.04,0.76,0.75,0.71
279.38,0.79,0.12,0.79,0.12,-0.07,0.16,0.05,0.72,0.71,0.67
282.17,0.72,0.09,0.73,0.10,-0.07,0.17,0.07,0.65,0.65,0.63
284.99,0.65,0.06,0.65,0.06,-0.08,0.17,0.08,0.58,0.57,0.59
287.84,0.58,0.03,0.58,0.03,-0.08,0.18,0.09,0.51,0.51,0.55
290.72,0.53,0.02,0.55,0.03,-0.07,0.18,0.11,0.46,0.48,0.51
293.63,0.53,0.05,0.53,0.05,-0.06,0.19,0.12,0.47,0.47,0.48
296.57,0.53,0.09,0.52,0.08,-0.05,0.19,0.14,0.48,0.47,0.44
299.53,0.50,0.09,0.49,0.08,-0.04,0.19,0.15,0.46,0.45,0.41
302.53,0.44,0.06,0.43,0.05,-0.04,0.20,0.17,0.40,0.40,0.38
305.55,0.36,0.01,0.38,0.02,-0.04,0.20,0.19,0.33,0.34,0.35
308.61,0.33,-0.00,0.34,0.01,-0.04,0.21,0.20,0.29,0.30,0.33
311.69,0.33,0.02,0.32,0.02,-0.05,0.21,0.22,0.28,0.27,0.31
314.81,0.33,0.04,0.33,0.04,-0.06,0.22,0.24,0.27,0.26,0.29
317.96,0.33,0.06,0.33,0.06,-0.08,0.23,0.26,0.25,0.25,0.27
321.14,0.33,0.08,0.33,0.08,-0.08,0.23,0.27,0.24,0.25,0.25
324.35,0.33,0.10,0.33,0.10,-0.08,0.24,0.29,0.25,0.25,0.23
327.59,0.33,0.11,0.33,0.11,-0.06,0.24,0.31,0.27,0.27,0.22
330.87,0.31,0.11,0.30,0.10,-0.03,0.25,0.33,0.28,0.28,0.20
334.18,0.25,0.06,0.24,0.05,0.02,0.26,0.35,0.26,0.25,0.19
337.52,0.13,-0.05,0.11,-0.06,0.07,0.26,0.37,0.19,0.18,0.17
340.90,-0.01,-0.17,-0.01,-0.17,0.11,0.27,0.39,0.11,0.10,0.16
344.30,-0.14,-0.29,-0.09,-0.24,0.16,0.28,0.41,0.01,0.07,0.15
347.75,-0.12,-0.26,-0.12,-0.26,0.20,0.29,0.43,0.08,0.08,0.14
351.23,-0.07,-0.20,-0.10,-0.23,0.22,0.29,0.46,0.15,0.12,0.13
354.74,-0.07,-0.19,-0.07,-0.19,0.22,0.30,0.48,0.15,0.15,0.12
358.28,-0.07,-0.19,-0.07,-0.18,0.20,0.31,0.50,0.13,0.14,0.11
361.87,-0.07,-0.18,-0.07,-0.18,0.18,0.32,0.52,0.11,0.10,0.11
365.49,-0.07,-0.17,-0.07,-0.18,0.16,0.33,0.55,0.09,0.08,0.10
369.14,-0.07,-0.17,-0.04,-0.14,0.15,0.33,0.57,0.08,0.11,0.10
372.83,-0.03,-0.13,-0.03,-0.12,0.17,0.34,0.59,0.13,0.14,0.09
376.56,0.01,-0.08,-0.05,-0.14,0.19,0.35,0.62,0.20,0.15,0.09
380.33,-0.12,-0.21,-0.11,-0.20,0.23,0.36,0.64,0.12,0.12,0.09
384.13,-0.21,-0.30,-0.18,-0.27,0.27,0.37,0.67,0.06,0.09,0.09
387.97,-0.27,-0.36,-0.26,-0.35,0.31,0.38,0.69,0.04,0.05,0.09
391.85,-0.27,-0.36,-0.30,-0.39,0.35,0.40,0.72,0.08,0.05,0.09
395.77,-0.33,-0.42,-0.33,-0.43,0.39,0.41,0.74,0.07,0.06,0.09
399.73,-0.37,-0.47,-0.35,-0.45,0.43,0.42,0.77,0.05,0.07,0.10
403.72,-0.37,-0.47,-0.35,-0.45,0.45,0.43,0.79,0.08,0.10,0.10
407.76,-0.31,-0.41,-0.33,-0.44,0.46,0.44,0.82,0.15,0.12,0.11
411.84,-0.30,-0.41,-0.33,-0.44,0.47,0.45,0.85,0.16,0.14,0.11
415.96,-0.37,-0.49,-0.34,-0.46,0.47,0.47,0.87,0.10,0.13,0.12
420.12,-0.37,-0.50,-0.37,-0.49,0.49,0.48,0.90,0.12,0.12,0.13
424.32,-0.37,-0.51,-0.37,-0.51,0.50,0.49,0.92,0.13,0.13,0.14
428.56,-0.37,-0.52,-0.37,-0.51,0.53,0.51,0.94,0.16,0.16,0.15
432.85,-0.37,-0.53,-0.39,-0.55,0.55,0.52,0.97,0.18,0.17,0.16
437.18,-0.42,-0.59,-0.42,-0.59,0.58,0.54,0.99,0.17,0.17,0.17
441.55,-0.47,-0.65,-0.45,-0.63,0.62,0.55,1.01,0.15,0.17,0.18
445.96,-0.47,-0.67,-0.47,-0.66,0.65,0.57,1.03,0.18,0.18,0.19
450.42,-0.47,-0.68,-0.48,-0.69,0.69,0.59,1.05,0.22,0.21,0.21
454.93,-0.49,-0.71,-0.51,-0.73,0.74,0.60,1.07,0.25,0.23,0.22
459.48,-0.56,-0.80,-0.53,-0.77,0.79,0.62,1.09,0.23,0.26,0.24
464.07,-0.57,-0.82,-0.57,-0.82,0.85,0.64,1.11,0.27,0.27,0.25
468.71,-0.60,-0.87,-0.62,-0.89,0.90,0.66,1.12,0.31,0.29,0.27
473.40,-0.66,-0.95,-0.66,-0.95,0.96,0.68,1.13,0.30,0.30,0.29
478.13,-0.73,-1.03,-0.72,-1.02,1.01,0.70,1.14,0.28,0.29,0.30
482.91,-0.77,-1.09,-0.76,-1.08,1.05,0.72,1.15,0.28,0.29,0.32
487.74,-0.77,-1.11,-0.78,-1.11,1.08,0.74,1.16,0.31,0.30,0.34
492.62,-0.77,-1.12,-0.78,-1.13,1.09,0.76,1.17,0.32,0.31,0.35
497.55,-0.77,-1.13,-0.77,-1.13,1.10,0.78,1.17,0.33,0.33,0.36
502.52,-0.76,-1.13,-0.74,-1.11,1.10,0.80,1.17,0.34,0.36,0.37
507.55,-0.69,-1.06,-0.70,-1.07,1.11,0.82,1.17,0.42,0.41,0.37
512.62,-0.67,-1.04,-0.68,-1.05,1.12,0.84,1.17,0.44,0.43,0.37
517.75,-0.68,-1.05,-0.70,-1.06,1.12,0.87,1.17,0.44,0.43,0.36
522.93,-0.76,-1.12,-0.75,-1.11,1.13,0.89,1.16,0.37,0.37,0.36
528.16,-0.82,-1.18,-0.82,-1.17,1.13,0.91,1.15,0.31,0.31,0.35
533.44,-0.87,-1.22,-0.86,-1.21,1.14,0.94,1.14,0.27,0.28,0.35
538.77,-0.87,-1.21,-0.85,-1.20,1.14,0.96,1.13,0.27,0.29,0.34
544.16,-0.81,-1.15,-0.82,-1.16,1.15,0.98,1.12,0.34,0.32,0.34
549.60,-0.77,-1.10,-0.78,-1.11,1.15,1.01,1.11,0.38,0.37,0.33
555.10,-0.77,-1.10,-0.76,-1.09,1.15,1.03,1.09,0.38,0.38,0.32
560.65,-0.77,-1.09,-0.78,-1.10,1.14,1.05,1.07,0.37,0.36,0.32
566.25,-0.81,-1.12,-0.82,-1.13,1.13,1.08,1.06,0.33,0.32,0.31
571.92,-0.87,-1.18,-0.85,-1.15,1.13,1.10,1.04,0.26,0.29,0.31
577.64,-0.87,-1.17,-0.87,-1.17,1.14,1.12,1.02,0.26,0.26,0.30
583.41,-0.87,-1.16,-0.88,-1.17,1.14,1.14,1.00,0.27,0.26,0.29
589.25,-0.87,-1.16,-0.87,-1.16,1.14,1.16,0.98,0.27,0.27,0.29
595.14,-0.87,-1.15,-0.87,-1.15,1.15,1.18,0.96,0.28,0.28,0.28
601.09,-0.87,-1.15,-0.87,-1.14,1.16,1.20,0.94,0.29,0.30,0.27
607.10,-0.87,-1.14,-0.87,-1.14,1.18,1.22,0.92,0.31,0.31,0.27
613.17,-0.87,-1.13,-0.89,-1.15,1.20,1.24,0.90,0.33,0.31,0.26
619.30,-0.93,-1.19,-0.94,-1.19,1.21,1.25,0.88,0.28,0.28,0.26
625.50,-1.00,-1.25,-1.00,-1.25,1.23,1.27,0.86,0.23,0.23,0.25
631.75,-1.07,-1.31,-1.05,-1.30,1.23,1.28,0.84,0.17,0.18,0.24
638.07,-1.07,-1.31,-1.06,-1.30,1.24,1.29,0.82,0.17,0.18,0.24
644.45,-1.04,-1.28,-1.04,-1.27,1.25,1.30,0.80,0.20,0.21,0.23
650.89,-0.97,-1.20,-1.00,-1.22,1.25,1.31,0.78,0.28,0.25,0.23
657.40,-0.97,-1.19,-0.97,-1.19,1.25,1.32,0.76,0.28,0.28,0.22
663.98,-0.97,-1.19,-0.97,-1.18,1.24,1.32,0.74,0.27,0.28,0.22
670.62,-0.98,-1.19,-1.00,-1.21,1.23,1.32,0.72,0.26,0.23,0.21
677.32,-1.04,-1.25,-1.04,-1.24,1.22,1.33,0.70,0.18,0.19,0.21
684.10,-1.07,-1.27,-1.06,-1.26,1.21,1.32,0.69,0.14,0.16,0.20
690.94,-1.06,-1.26,-1.05,-1.25,1.20,1.32,0.67,0.14,0.15,0.20
697.85,-0.99,-1.19,-1.02,-1.21,1.18,1.31,0.65,0.19,0.17,0.19
704.83,-0.97,-1.16,-0.97,-1.16,1.16,1.30,0.64,0.19,0.19,0.19
711.87,-0.95,-1.14,-0.93,-1.11,1.13,1.29,0.62,0.18,0.20,0.19
718.99,-0.88,-1.06,-0.90,-1.08,1.10,1.28,0.61,0.22,0.20,0.18
726.18,-0.87,-1.05,-0.88,-1.05,1.08,1.27,0.59,0.21,0.21,0.18
733.44,-0.87,-1.05,-0.86,-1.04,1.07,1.25,0.58,0.20,0.21,0.18
740.78,-0.87,-1.04,-0.87,-1.04,1.06,1.23,0.57,0.19,0.20,0.17
748.19,-0.87,-1.04,-0.89,-1.06,1.06,1.21,0.55,0.19,0.17,0.17
755.67,-0.90,-1.07,-0.91,-1.08,1.06,1.19,0.54,0.16,0.15,0.17
763.23,-0.97,-1.14,-0.92,-1.09,1.05,1.17,0.53,0.08,0.13,0.17
770.86,-0.90,-1.07,-0.92,-1.09,1.05,1.14,0.52,0.15,0.13,0.17
778.57,-0.87,-1.04,-0.89,-1.05,1.03,1.11,0.51,0.16,0.15,0.16
786.35,-0.86,-1.02,-0.84,-1.00,1.02,1.09,0.50,0.16,0.18,0.16
794.22,-0.79,-0.96,-0.81,-0.97,1.00,1.06,0.49,0.20,0.19,0.16
802.16,-0.77,-0.94,-0.78,-0.95,0.97,1.03,0.48,0.20,0.19,0.17
810.18,-0.77,-0.94,-0.77,-0.94,0.95,1.00,0.47,0.18,0.18,0.17
818.28,-0.77,-0.94,-0.77,-0.94,0.93,0.97,0.46,0.16,0.15,0.17
826.46,-0.77,-0.94,-0.76,-0.93,0.91,0.93,0.45,0.14,0.15,0.17
834.73,-0.75,-0.92,-0.73,-0.91,0.90,0.90,0.44,0.15,0.17,0.17
843.08,-0.68,-0.86,-0.70,-0.88,0.89,0.87,0.43,0.21,0.19,0.18
851.51,-0.67,-0.85,-0.68,-0.86,0.87,0.83,0.42,0.20,0.19,0.18
860.02,-0.67,-0.86,-0.67,-0.85,0.85,0.80,0.41,0.18,0.19,0.19
868.62,-0.67,-0.87,-0.65,-0.84,0.84,0.76,0.40,0.17,0.19,0.19
877.31,-0.61,-0.81,-0.62,-0.82,0.82,0.73,0.39,0.21,0.19,0.20
886.08,-0.57,-0.78,-0.58,-0.79,0.80,0.69,0.38,0.23,0.21,0.21
894.94,-0.56,-0.78,-0.54,-0.76,0.77,0.66,0.37,0.21,0.23,0.22
903.89,-0.50,-0.72,-0.51,-0.74,0.74,0.62,0.36,0.24,0.22,0.23
912.93,-0.47,-0.71,-0.49,-0.72,0.70,0.59,0.35,0.23,0.21,0.24
922.06,-0.46,-0.71,-0.44,-0.69,0.66,0.55,0.34,0.19,0.21,0.25
931.28,-0.39,-0.65,-0.37,-0.63,0.62,0.51,0.33,0.23,0.25,0.26
940.59,-0.28,-0.55,-0.28,-0.56,0.58,0.48,0.32,0.31,0.30,0.28
950.00,-0.17,-0.46,-0.21,-0.50,0.55,0.44,0.30,0.38,0.34,0.29
959.50,-0.17,-0.48,-0.17,-0.48,0.52,0.40,0.29,0.35,0.35,0.31
969.09,-0.17,-0.50,-0.16,-0.49,0.49,0.37,0.27,0.32,0.33,0.33
978.78,-0.15,-0.50,-0.14,-0.49,0.46,0.33,0.26,0.32,0.33,0.35
988.57,-0.08,-0.46,-0.08,-0.46,0.44,0.29,0.24,0.36,0.36,0.38
998.46,-0.01,-0.42,-0.02,-0.43,0.42,0.25,0.23,0.41,0.40,0.41
1008.44,0.06,-0.39,0.05,-0.39,0.40,0.21,0.21,0.45,0.45,0.45
1018.53,0.13,-0.36,0.12,-0.37,0.36,0.17,0.19,0.49,0.49,0.49
1028.71,0.20,-0.34,0.21,-0.32,0.32,0.13,0.17,0.52,0.54,0.54
1039.00,0.31,-0.28,0.31,-0.27,0.27,0.09,0.15,0.58,0.58,0.58
1049.39,0.44,-0.20,0.41,-0.22,0.21,0.05,0.13,0.65,0.62,0.64
1059.88,0.50,-0.18,0.52,-0.17,0.16,0.01,0.10,0.66,0.68,0.69
1070.48,0.62,-0.12,0.63,-0.11,0.11,-0.03,0.08,0.72,0.74,0.74
1081.19,0.76,-0.04,0.75,-0.04,0.06,-0.08,0.06,0.82,0.81,0.79
1092.00,0.89,0.04,0.88,0.03,0.01,-0.12,0.03,0.90,0.89,0.85
1102.92,0.98,0.08,0.97,0.07,-0.04,-0.17,0.00,0.94,0.93,0.90
1113.95,1.05,0.09,1.05,0.09,-0.09,-0.21,-0.02,0.96,0.96,0.96
1125.09,1.12,0.10,1.14,0.12,-0.15,-0.26,-0.05,0.97,0.99,1.01
1136.34,1.25,0.17,1.24,0.17,-0.22,-0.31,-0.08,1.03,1.02,1.07
1147.70,1.38,0.26,1.38,0.25,-0.29,-0.36,-0.11,1.10,1.09,1.13
1159.18,1.52,0.33,1.54,0.35,-0.37,-0.42,-0.14,1.15,1.17,1.19
1170.77,1.72,0.47,1.71,0.46,-0.45,-0.47,-0.17,1.27,1.26,1.25
1182.48,1.89,0.59,1.88,0.57,-0.55,-0.53,-0.20,1.35,1.33,1.31
1194.30,2.03,0.67,2.04,0.67,-0.64,-0.59,-0.24,1.39,1.40,1.37
1206.25,2.17,0.75,2.18,0.75,-0.74,-0.65,-0.27,1.44,1.44,1.43
1218.31,2.31,0.82,2.31,0.82,-0.83,-0.72,-0.30,1.48,1.48,1.49
1230.49,2.45,0.89,2.45,0.89,-0.90,-0.78,-0.34,1.54,1.54,1.55
1242.80,2.58,0.97,2.58,0.97,-0.97,-0.85,-0.37,1.61,1.61,1.62
1255.22,2.72,1.04,2.73,1.05,-1.03,-0.92,-0.41,1.69,1.69,1.68
1267.78,2.86,1.11,2.86,1.12,-1.09,-1.00,-0.44,1.77,1.77,1.75
1280.45,3.00,1.19,2.98,1.17,-1.15,-1.07,-0.48,1.85,1.83,1.81
1293.26,3.08,1.20,3.08,1.20,-1.22,-1.14,-0.52,1.87,1.86,1.88
1306.19,3.17,1.23,3.19,1.25,-1.28,-1.22,-0.56,1.89,1.91,1.95
1319.25,3.31,1.30,3.34,1.32,-1.35,-1.29,-0.60,1.96,1.99,2.01
1332.45,3.51,1.43,3.48,1.40,-1.41,-1.37,-0.64,2.10,2.07,2.08
1345.77,3.66,1.51,3.63,1.48,-1.48,-1.44,-0.68,2.18,2.15,2.15
1359.23,3.72,1.50,3.78,1.56,-1.54,-1.51,-0.72,2.18,2.24,2.22
1372.82,3.93,1.64,3.91,1.62,-1.61,-1.58,-0.76,2.32,2.30,2.29
1386.55,4.07,1.70,4.04,1.68,-1.66,-1.64,-0.80,2.40,2.38,2.36
1400.41,4.14,1.71,4.17,1.74,-1.71,-1.69,-0.85,2.43,2.46,2.44
1414.42,4.28,1.77,4.26,1.75,-1.75,-1.75,-0.89,2.52,2.51,2.51
1428.56,4.37,1.79,4.37,1.78,-1.79,-1.79,-0.94,2.58,2.58,2.58
1442.85,4.46,1.80,4.48,1.82,-1.82,-1.83,-0.98,2.64,2.66,2.66
1457.28,4.59,1.86,4.57,1.84,-1.85,-1.87,-1.03,2.74,2.72,2.73
1471.85,4.68,1.87,4.67,1.86,-1.88,-1.90,-1.08,2.79,2.79,2.81
1486.57,4.76,1.88,4.79,1.90,-1.91,-1.93,-1.12,2.85,2.88,2.89
1501.43,4.90,1.94,4.91,1.94,-1.94,-1.95,-1.17,2.96,2.97,2.96
1516.45,5.04,2.00,5.03,1.99,-1.97,-1.97,-1.22,3.07,3.05,3.04
1531.61,5.15,2.03,5.14,2.02,-2.01,-2.00,-1.27,3.15,3.14,3.12
1546.93,5.22,2.02,5.25,2.05,-2.04,-2.02,-1.32,3.18,3.21,3.20
1562.40,5.35,2.07,5.34,2.06,-2.08,-2.04,-1.37,3.27,3.26,3.28
1578.02,5.46,2.10,5.44,2.08,-2.11,-2.07,-1.42,3.35,3.33,3.36
1593.80,5.53,2.09,5.58,2.14,-2.14,-2.09,-1.48,3.39,3.44,3.44
1609.74,5.73,2.21,5.71,2.19,-2.17,-2.12,-1.53,3.57,3.54,3.52
1625.84,5.87,2.26,5.84,2.23,-2.20,-2.16,-1.58,3.67,3.64,3.61
1642.10,5.94,2.25,5.94,2.25,-2.23,-2.19,-1.63,3.71,3.71,3.69
1658.52,6.01,2.23,6.02,2.25,-2.26,-2.23,-1.68,3.74,3.76,3.77
1675.10,6.12,2.26,6.13,2.27,-2.30,-2.27,-1.73,3.82,3.83,3.86
1691.85,6.26,2.32,6.25,2.31,-2.33,-2.31,-1.78,3.93,3.92,3.94
1708.77,6.40,2.37,6.39,2.36,-2.37,-2.36,-1.83,4.03,4.03,4.03
1725.86,6.53,2.42,6.54,2.42,-2.41,-2.41,-1.88,4.13,4.13,4.12
1743.12,6.67,2.47,6.67,2.47,-2.45,-2.45,-1.93,4.22,4.22,4.20
1760.55,6.81,2.52,6.78,2.49,-2.50,-2.50,-1.98,4.31,4.29,4.29
1778.15,6.89,2.51,6.91,2.53,-2.54,-2.55,-2.02,4.35,4.37,4.38
1795.94,7.01,2.54,7.04,2.57,-2.58,-2.60,-2.07,4.43,4.46,4.47
1813.90,7.22,2.66,7.17,2.61,-2.61,-2.64,-2.11,4.61,4.56,4.56
1832.03,7.29,2.65,7.30,2.66,-2.64,-2.68,-2.15,4.66,4.67,4.64
1850.36,7.40,2.66,7.42,2.68,-2.66,-2.72,-2.18,4.73,4.75,4.73
1868.86,7.53,2.71,7.51,2.68,-2.69,-2.75,-2.22,4.84,4.82,4.82
1887.55,7.60,2.69,7.61,2.70,-2.72,-2.78,-2.25,4.88,4.89,4.91
1906.42,7.71,2.71,7.73,2.72,-2.74,-2.80,-2.28,4.97,4.98,5.00
1925.49,7.85,2.75,7.84,2.75,-2.77,-2.82,-2.30,5.08,5.08,5.09
1944.74,7.98,2.80,7.96,2.78,-2.79,-2.83,-2.33,5.20,5.18,5.19
1964.19,8.08,2.80,8.08,2.80,-2.80,-2.82,-2.34,5.28,5.28,5.28
1983.83,8.16,2.79,8.19,2.82,-2.81,-2.82,-2.36,5.36,5.38,5.37
2003.67,8.30,2.84,8.29,2.83,-2.80,-2.80,-2.37,5.49,5.48,5.46
2023.71,8.38,2.83,8.37,2.82,-2.79,-2.77,-2.38,5.59,5.58,5.55
2043.94,8.43,2.79,8.42,2.78,-2.76,-2.74,-2.38,5.67,5.66,5.64
2064.38,8.43,2.70,8.46,2.72,-2.73,-2.70,-2.38,5.70,5.73,5.73
2085.03,8.49,2.66,8.48,2.66,-2.68,-2.64,-2.38,5.81,5.80,5.82
2105.88,8.53,2.61,8.51,2.60,-2.62,-2.59,-2.37,5.91,5.89,5.91
2126.94,8.53,2.52,8.56,2.55,-2.56,-2.52,-2.36,5.97,6.00,6.01
2148.20,8.60,2.50,8.59,2.49,-2.49,-2.46,-2.35,6.11,6.10,6.10
2169.69,8.63,2.44,8.61,2.43,-2.42,-2.38,-2.34,6.21,6.20,6.19
2191.38,8.63,2.35,8.63,2.36,-2.34,-2.30,-2.32,6.29,6.29,6.28
2213.30,8.63,2.26,8.63,2.27,-2.27,-2.22,-2.30,6.36,6.36,6.36
2235.43,8.63,2.17,8.63,2.17,-2.19,-2.13,-2.28,6.44,6.44,6.45
2257.78,8.63,2.09,8.63,2.09,-2.11,-2.05,-2.26,6.52,6.52,6.54
2280.36,8.63,2.00,8.63,2.00,-2.01,-1.96,-2.23,6.61,6.61,6.63
2303.17,8.63,1.91,8.63,1.92,-1.91,-1.87,-2.21,6.71,6.72,6.72
2326.20,8.63,1.83,8.63,1.83,-1.81,-1.77,-2.18,6.82,6.83,6.80
2349.46,8.63,1.74,8.61,1.73,-1.69,-1.68,-2.16,6.94,6.92,6.89
2372.95,8.57,1.60,8.57,1.60,-1.57,-1.59,-2.13,7.00,7.00,6.97
2396.68,8.50,1.45,8.51,1.46,-1.45,-1.50,-2.10,7.05,7.06,7.05
2420.65,8.44,1.31,8.43,1.30,-1.33,-1.41,-2.07,7.11,7.10,7.13
2444.86,8.37,1.17,8.38,1.18,-1.21,-1.31,-2.05,7.16,7.17,7.20
2469.31,8.33,1.06,8.34,1.07,-1.10,-1.22,-2.02,7.23,7.24,7.27
2494.00,8.33,1.01,8.30,0.98,-1.00,-1.13,-1.99,7.33,7.30,7.32
2518.94,8.26,0.90,8.27,0.91,-0.92,-1.05,-1.97,7.34,7.36,7.36
2544.13,8.23,0.83,8.24,0.85,-0.85,-0.96,-1.95,7.38,7.39,7.39
2569.57,8.22,0.81,8.20,0.78,-0.79,-0.87,-1.92,7.43,7.41,7.42
2595.27,8.15,0.72,8.17,0.74,-0.74,-0.79,-1.90,7.42,7.44,7.43
2621.22,8.13,0.69,8.14,0.70,-0.68,-0.71,-1.88,7.45,7.46,7.44
2647.43,8.11,0.66,8.09,0.64,-0.62,-0.63,-1.86,7.49,7.47,7.45
2673.90,8.04,0.59,8.05,0.59,-0.56,-0.56,-1.84,7.48,7.48,7.45
2700.64,7.98,0.52,7.98,0.53,-0.50,-0.49,-1.83,7.47,7.48,7.45
2727.65,7.91,0.45,7.90,0.45,-0.45,-0.42,-1.81,7.46,7.45,7.45
2754.93,7.84,0.39,7.83,0.38,-0.40,-0.37,-1.80,7.44,7.43,7.45
2782.48,7.77,0.33,7.78,0.33,-0.37,-0.32,-1.78,7.40,7.41,7.44
2810.30,7.73,0.29,7.74,0.31,-0.34,-0.28,-1.77,7.39,7.40,7.43
2838.40,7.73,0.31,7.72,0.30,-0.32,-0.24,-1.76,7.40,7.40,7.42
2866.79,7.73,0.32,7.72,0.32,-0.32,-0.22,-1.76,7.41,7.41,7.41
2895.46,7.73,0.34,7.73,0.34,-0.31,-0.21,-1.75,7.41,7.42,7.39
2924.41,7.73,0.36,7.73,0.36,-0.32,-0.22,-1.75,7.41,7.41,7.37
2953.65,7.73,0.38,7.71,0.36,-0.33,-0.23,-1.75,7.40,7.38,7.35
2983.19,7.69,0.36,7.68,0.36,-0.35,-0.26,-1.74,7.34,7.33,7.32
3013.02,7.63,0.33,7.65,0.35,-0.37,-0.29,-1.74,7.26,7.28,7.30
3043.15,7.63,0.36,7.62,0.36,-0.40,-0.34,-1.75,7.23,7.23,7.27
3073.58,7.63,0.40,7.63,0.40,-0.42,-0.40,-1.75,7.20,7.21,7.23
3104.32,7.65,0.45,7.66,0.47,-0.46,-0.47,-1.75,7.18,7.20,7.20
3135.36,7.71,0.56,7.70,0.54,-0.51,-0.55,-1.76,7.20,7.18,7.16
3166.72,7.73,0.61,7.72,0.60,-0.58,-0.63,-1.77,7.15,7.14,7.12
3198.38,7.73,0.66,7.73,0.66,-0.65,-0.72,-1.77,7.07,7.08,7.07
3230.37,7.73,0.70,7.75,0.72,-0.74,-0.82,-1.78,6.99,7.00,7.02
3262.67,7.79,0.82,7.79,0.82,-0.84,-0.93,-1.79,6.95,6.95,6.97
3295.30,7.86,0.94,7.85,0.93,-0.94,-1.04,-1.80,6.92,6.91,6.92
3328.25,7.93,1.06,7.93,1.06,-1.05,-1.16,-1.81,6.88,6.88,6.87
3361.53,8.00,1.19,8.00,1.19,-1.18,-1.28,-1.82,6.82,6.82,6.81
3395.15,8.07,1.32,8.06,1.32,-1.31,-1.41,-1.83,6.75,6.75,6.75
3429.10,8.13,1.45,8.13,1.45,-1.46,-1.54,-1.84,6.67,6.67,6.68
3463.39,8.20,1.59,8.22,1.60,-1.61,-1.68,-1.85,6.59,6.61,6.62
3498.03,8.32,1.77,8.32,1.77,-1.77,-1.83,-1.86,6.55,6.55,6.55
3533.01,8.44,1.97,8.42,1.94,-1.93,-1.98,-1.87,6.51,6.49,6.48
3568.34,8.51,2.11,8.51,2.10,-2.09,-2.14,-1.87,6.42,6.41,6.40
3604.02,8.58,2.25,8.59,2.27,-2.27,-2.30,-1.88,6.31,6.33,6.33
3640.06,8.67,2.42,8.68,2.44,-2.45,-2.47,-1.88,6.22,6.24,6.25
3676.46,8.81,2.64,8.78,2.62,-2.63,-2.64,-1.88,6.17,6.15,6.17
3713.22,8.89,2.81,8.89,2.81,-2.82,-2.82,-1.88,6.06,6.07,6.08
3750.36,8.98,2.99,9.00,3.00,-3.02,-3.00,-1.87,5.97,5.98,6.00
3787.86,9.12,3.21,9.09,3.19,-3.21,-3.17,-1.86,5.91,5.89,5.91
3825.74,9.19,3.38,9.21,3.39,-3.39,-3.34,-1.85,5.80,5.82,5.82
3864.00,9.29,3.57,9.32,3.59,-3.57,-3.51,-1.83,5.72,5.75,5.73
3902.64,9.43,3.80,9.39,3.75,-3.74,-3.66,-1.81,5.69,5.65,5.63
3941.66,9.43,3.89,9.43,3.89,-3.89,-3.80,-1.79,5.54,5.54,5.54
3981.08,9.43,3.99,9.45,4.00,-4.02,-3.91,-1.76,5.40,5.42,5.44
4020.89,9.43,4.08,9.43,4.09,-4.12,-4.00,-1.73,5.30,5.31,5.35
4061.10,9.43,4.18,9.42,4.17,-4.19,-4.05,-1.70,5.24,5.24,5.25
4101.71,9.38,4.23,9.39,4.24,-4.20,-4.08,-1.66,5.18,5.19,5.15
4142.73,9.30,4.24,9.30,4.24,-4.17,-4.06,-1.61,5.12,5.13,5.06
4184.15,9.16,4.20,9.12,4.16,-4.10,-4.00,-1.56,5.06,5.02,4.96
4226.00,8.87,4.00,8.87,4.01,-3.98,-3.90,-1.51,4.89,4.89,4.86
4268.26,8.54,3.78,8.58,3.81,-3.82,-3.76,-1.45,4.73,4.76,4.76
4310.94,8.26,3.60,8.25,3.59,-3.61,-3.58,-1.39,4.65,4.64,4.66
4354.05,7.93,3.36,7.91,3.34,-3.37,-3.37,-1.33,4.55,4.54,4.56
4397.59,7.55,3.09,7.55,3.08,-3.10,-3.13,-1.26,4.46,4.45,4.47
4441.56,7.14,2.77,7.17,2.80,-2.80,-2.87,-1.19,4.34,4.37,4.37
4485.98,6.80,2.53,6.80,2.53,-2.50,-2.58,-1.12,4.30,4.30,4.27
4530.84,6.42,2.24,6.40,2.22,-2.19,-2.28,-1.05,4.22,4.20,4.17
4576.15,6.00,1.92,5.97,1.89,-1.90,-1.97,-0.97,4.10,4.08,4.08
4621.91,5.52,1.53,5.54,1.55,-1.60,-1.66,-0.89,3.92,3.94,3.99
4668.13,5.12,1.22,5.14,1.24,-1.31,-1.34,-0.80,3.81,3.83,3.90
4714.81,4.78,0.97,4.79,0.98,-1.03,-1.02,-0.72,3.75,3.77,3.82
4761.96,4.51,0.78,4.49,0.75,-0.75,-0.70,-0.63,3.76,3.73,3.73
4809.58,4.18,0.53,4.18,0.52,-0.48,-0.39,-0.54,3.70,3.69,3.66
4857.67,3.84,0.25,3.84,0.25,-0.22,-0.08,-0.46,3.62,3.63,3.59
4906.25,3.50,-0.04,3.49,-0.04,0.05,0.23,-0.36,3.55,3.54,3.54
4955.31,3.15,-0.34,3.16,-0.33,0.33,0.53,-0.27,3.48,3.50,3.49
5004.87,2.83,-0.63,2.85,-0.62,0.63,0.83,-0.18,3.46,3.48,3.46
5054.91,2.56,-0.89,2.53,-0.92,0.95,1.11,-0.08,3.50,3.48,3.45
5105.46,2.22,-1.23,2.21,-1.24,1.27,1.40,0.01,3.49,3.48,3.45
5156.52,1.87,-1.59,1.88,-1.59,1.59,1.67,0.11,3.46,3.47,3.46
5208.08,1.53,-1.95,1.55,-1.93,1.91,1.94,0.20,3.44,3.46,3.48
5260.16,1.25,-2.25,1.24,-2.26,2.23,2.20,0.30,3.48,3.48,3.50
5312.77,0.98,-2.55,0.97,-2.56,2.54,2.46,0.40,3.52,3.51,3.53
5365.89,0.71,-2.85,0.73,-2.83,2.84,2.70,0.50,3.54,3.56,3.56
5419.55,0.50,-3.09,0.50,-3.09,3.11,2.94,0.61,3.60,3.61,3.59
5473.75,0.29,-3.32,0.28,-3.34,3.34,3.16,0.71,3.64,3.62,3.62
5528.49,0.09,-3.56,0.08,-3.57,3.54,3.38,0.81,3.63,3.63,3.65
5583.77,-0.12,-3.80,-0.09,-3.77,3.72,3.57,0.92,3.60,3.63,3.69
5639.61,-0.22,-3.94,-0.20,-3.92,3.87,3.76,1.02,3.64,3.67,3.72
5696.00,-0.27,-4.03,-0.25,-4.01,4.00,3.93,1.13,3.73,3.75,3.76
5752.96,-0.27,-4.07,-0.28,-4.07,4.11,4.09,1.24,3.84,3.83,3.80
5810.49,-0.33,-4.16,-0.31,-4.14,4.21,4.22,1.35,3.88,3.90,3.83
5868.60,-0.40,-4.27,-0.36,-4.24,4.29,4.34,1.47,3.89,3.93,3.87
5927.28,-0.47,-4.38,-0.43,-4.34,4.36,4.43,1.58,3.89,3.93,3.91
5986.56,-0.54,-4.49,-0.47,-4.42,4.42,4.51,1.70,3.88,3.94,3.95
6046.42,-0.57,-4.56,-0.50,-4.49,4.46,4.54,1.82,3.89,3.97,3.99
6106.89,-0.57,-4.60,-0.49,-4.52,4.50,4.57,1.94,3.93,4.01,4.03
6167.96,-0.57,-4.64,-0.46,-4.51,4.51,4.56,2.06,3.94,4.05,4.07
6229.64,-0.53,-4.63,-0.39,-4.49,4.48,4.53,2.18,3.95,4.09,4.10
6291.93,-0.46,-4.60,-0.31,-4.43,4.42,4.45,2.31,3.96,4.11,4.14
6354.85,-0.39,-4.57,-0.20,-4.34,4.31,4.37,2.43,3.92,4.12,4.17
6418.40,-0.28,-4.48,-0.06,-4.22,4.18,4.23,2.56,3.90,4.12,4.21
6482.58,-0.12,-4.36,0.12,-4.06,4.02,4.08,2.69,3.89,4.14,4.24
6547.41,0.09,-4.18,0.34,-3.85,3.83,3.88,2.82,3.92,4.17,4.27
6612.88,0.35,-3.95,0.55,-3.63,3.64,3.68,2.96,3.99,4.19,4.29
6679.01,0.60,-3.72,0.75,-3.42,3.45,3.45,3.09,4.05,4.20,4.31
6745.80,0.80,-3.53,0.91,-3.24,3.27,3.22,3.22,4.07,4.18,4.33
6813.26,1.07,-3.27,1.03,-3.09,3.11,3.05,3.36,4.19,4.14,4.34
6881.39,1.32,-3.03,1.10,-2.97,2.99,2.88,3.49,4.31,4.09,4.35
6950.21,1.52,-2.82,1.13,-2.88,2.90,2.83,3.62,4.43,4.04,4.34
7019.71,1.80,-2.53,1.12,-2.83,2.86,2.80,3.75,4.65,3.98,4.33
7089.91,2.04,-2.26,1.07,-2.83,2.85,2.87,3.88,4.89,3.91,4.30
7160.81,2.25,-2.02,0.98,-2.86,2.87,2.95,4.01,5.12,3.85,4.26
7232.41,2.45,-1.77,0.86,-2.92,2.92,3.06,4.12,5.38,3.78,4.22
7304.74,2.62,-1.56,0.72,-3.00,3.00,3.17,4.24,5.61,3.72,4.18
7377.79,2.76,-1.36,0.59,-3.10,3.08,3.26,4.35,5.85,3.67,4.13
7451.56,2.97,-1.10,0.45,-3.19,3.18,3.34,4.45,6.15,3.63,4.07
7526.08,3.13,-0.89,0.32,-3.29,3.28,3.40,4.54,6.41,3.60,4.02
7601.34,3.25,-0.72,0.20,-3.38,3.37,3.45,4.63,6.62,3.57,3.97
7677.35,3.32,-0.60,0.08,-3.47,3.46,3.48,4.70,6.78,3.54,3.92
7754.13,3.39,-0.48,-0.03,-3.55,3.54,3.50,4.76,6.93,3.51,3.86
7831.67,3.45,-0.35,-0.12,-3.61,3.61,3.51,4.81,7.07,3.49,3.81
7909.98,3.52,-0.23,-0.21,-3.67,3.67,3.52,4.85,7.19,3.46,3.75
7989.08,3.53,-0.17,-0.29,-3.72,3.71,3.51,4.86,7.24,3.43,3.69
8068.98,3.53,-0.11,-0.35,-3.75,3.74,3.51,4.88,7.27,3.39,3.64
8149.67,3.53,-0.05,-0.39,-3.76,3.76,3.49,4.87,7.28,3.37,3.58
8231.16,3.46,-0.06,-0.42,-3.76,3.76,3.48,4.85,7.22,3.34,3.52
8313.47,3.35,-0.11,-0.44,-3.75,3.75,3.46,4.81,7.10,3.31,3.46
8396.61,3.22,-0.18,-0.45,-3.72,3.73,3.44,4.77,6.95,3.28,3.40
8480.57,3.15,-0.19,-0.46,-3.69,3.69,3.42,4.71,6.85,3.24,3.34
8565.38,2.95,-0.33,-0.45,-3.65,3.65,3.40,4.64,6.60,3.20,3.28
8651.03,2.66,-0.56,-0.44,-3.60,3.60,3.38,4.56,6.26,3.16,3.21
8737.54,2.31,-0.84,-0.42,-3.54,3.54,3.35,4.47,5.85,3.12,3.15
8824.92,1.91,-1.17,-0.40,-3.48,3.48,3.33,4.37,5.39,3.07,3.08
8913.17,1.48,-1.54,-0.38,-3.40,3.41,3.30,4.27,4.89,3.03,3.02
9002.30,1.00,-1.95,-0.35,-3.33,3.33,3.27,4.16,4.33,2.98,2.95
9092.32,0.46,-2.43,-0.32,-3.25,3.25,3.25,4.05,3.71,2.93,2.88
9183.25,-0.10,-2.91,-0.29,-3.16,3.17,3.22,3.93,3.07,2.88,2.81
9275.08,-0.65,-3.39,-0.26,-3.08,3.08,3.19,3.81,2.43,2.82,2.75
9367.83,-1.13,-3.81,-0.24,-2.99,2.99,3.16,3.69,1.86,2.76,2.68
9461.51,-1.58,-4.18,-0.21,-2.90,2.89,3.13,3.57,1.31,2.68,2.60
9556.12,-2.00,-4.53,-0.18,-2.81,2.79,3.10,3.45,0.79,2.61,2.53
9651.68,-2.48,-4.94,-0.15,-2.71,2.69,3.07,3.33,0.21,2.54,2.46
9748.20,-2.92,-5.30,-0.12,-2.60,2.59,3.03,3.21,-0.33,2.47,2.38
9845.68,-3.29,-5.60,-0.09,-2.50,2.50,3.00,3.09,-0.80,2.41,2.31
9944.14,-3.43,-5.66,-0.06,-2.39,2.41,2.96,2.98,-1.02,2.35,2.23
10043.58,-3.47,-5.63,-0.03,-2.28,2.34,2.92,2.87,-1.13,2.31,2.15
10144.02,-3.45,-5.53,-0.08,-2.26,2.28,2.89,2.76,-1.17,2.20,2.08
10245.46,-3.39,-5.38,-0.14,-2.24,2.24,2.85,2.65,-1.15,2.10,2.00
10347.91,-3.32,-5.23,-0.19,-2.21,2.20,2.81,2.55,-1.12,2.01,1.92
10451.39,-3.27,-5.11,-0.25,-2.19,2.18,2.77,2.45,-1.10,1.93,1.83
10555.91,-3.27,-5.02,-0.30,-2.17,2.16,2.73,2.36,-1.11,1.86,1.75
10661.46,-3.27,-4.94,-0.36,-2.15,2.14,2.68,2.26,-1.13,1.78,1.67
10768.08,-3.30,-4.89,-0.42,-2.12,2.12,2.64,2.18,-1.18,1.71,1.58
10875.76,-3.37,-4.87,-0.48,-2.10,2.10,2.60,2.09,-1.27,1.62,1.50
10984.52,-3.51,-4.92,-0.54,-2.08,2.08,2.55,2.01,-1.43,1.54,1.41
11094.36,-3.65,-4.97,-0.60,-2.05,2.05,2.50,1.93,-1.59,1.45,1.32
11205.31,-3.78,-5.01,-0.66,-2.03,2.03,2.46,1.86,-1.75,1.36,1.23
11317.36,-3.85,-4.99,-0.73,-2.01,2.01,2.41,1.79,-1.84,1.28,1.14
11430.53,-3.92,-4.97,-0.80,-1.98,1.98,2.36,1.73,-1.93,1.19,1.05
11544.84,-3.97,-4.93,-0.86,-1.96,1.96,2.31,1.66,-2.02,1.09,0.96
11660.29,-3.97,-4.83,-0.93,-1.93,1.93,2.26,1.61,-2.04,1.00,0.86
11776.89,-3.87,-4.64,-1.00,-1.91,1.91,2.21,1.55,-1.96,0.90,0.77
11894.66,-3.67,-4.34,-1.07,-1.88,1.88,2.16,1.50,-1.79,0.81,0.67
12013.60,-3.33,-3.90,-1.15,-1.86,1.86,2.11,1.45,-1.47,0.71,0.57
12133.74,-2.81,-3.29,-1.22,-1.83,1.83,2.05,1.41,-0.98,0.61,0.47
12255.08,-2.24,-2.61,-1.29,-1.80,1.80,2.00,1.36,-0.43,0.51,0.37
12377.63,-1.61,-1.88,-1.37,-1.78,1.78,1.95,1.33,0.16,0.41,0.27
12501.41,-1.06,-1.23,-1.45,-1.75,1.75,1.90,1.29,0.69,0.30,0.17
12626.42,-0.57,-0.64,-1.53,-1.73,1.73,1.85,1.26,1.15,0.20,0.06
12752.68,-0.17,-0.12,-1.61,-1.70,1.70,1.79,1.23,1.53,0.09,-0.04
12880.21,0.04,0.19,-1.69,-1.67,1.67,1.74,1.20,1.71,-0.02,-0.15
13009.01,0.13,0.39,-1.77,-1.64,1.64,1.69,1.18,1.77,-0.13,-0.26
13139.10,0.10,0.47,-1.85,-1.62,1.62,1.63,1.16,1.72,-0.24,-0.37
13270.49,-0.10,0.38,-1.94,-1.59,1.59,1.58,1.15,1.49,-0.35,-0.48
13403.20,-0.45,0.14,-2.03,-1.56,1.56,1.53,1.14,1.11,-0.46,-0.59
13537.23,-0.85,-0.14,-2.11,-1.53,1.53,1.48,1.13,0.69,-0.58,-0.70
13672.60,-1.19,-0.37,-2.20,-1.51,1.51,1.43,1.13,0.31,-0.70,-0.82
13809.33,-1.43,-0.49,-2.29,-1.48,1.48,1.38,1.13,0.05,-0.81,-0.94
13947.42,-1.59,-0.54,-2.38,-1.45,1.45,1.33,1.13,-0.14,-0.93,-1.06
14086.90,-1.66,-0.49,-2.48,-1.42,1.42,1.28,1.14,-0.24,-1.06,-1.18
14227.77,-1.61,-0.32,-2.57,-1.39,1.39,1.23,1.16,-0.22,-1.18,-1.30
14370.04,-1.51,-0.10,-2.66,-1.36,1.36,1.18,1.17,-0.15,-1.30,-1.42
14513.74,-1.38,0.17,-2.76,-1.33,1.33,1.13,1.19,-0.04,-1.43,-1.54
14658.88,-1.11,0.56,-2.86,-1.30,1.30,1.08,1.22,0.20,-1.56,-1.67
14805.47,-0.87,0.93,-2.96,-1.27,1.27,1.03,1.25,0.41,-1.69,-1.80
14953.52,-0.66,1.27,-3.06,-1.24,1.24,0.99,1.28,0.58,-1.82,-1.92
15103.06,-0.45,1.60,-3.16,-1.21,1.21,0.94,1.31,0.76,-1.95,-2.05
15254.09,-0.16,2.02,-3.26,-1.18,1.18,0.90,1.34,1.02,-2.08,-2.18
15406.63,0.16,2.48,-3.37,-1.15,1.15,0.86,1.36,1.31,-2.22,-2.32
15560.70,0.37,2.82,-3.47,-1.12,1.12,0.81,1.38,1.49,-2.35,-2.45
15716.30,0.48,3.07,-3.58,-1.09,1.09,0.77,1.40,1.57,-2.49,-2.59
15873.47,0.46,3.18,-3.69,-1.06,1.06,0.73,1.40,1.52,-2.63,-2.73
16032.20,0.18,3.05,-3.79,-1.03,1.03,0.69,1.38,1.21,-2.77,-2.87
16192.52,-0.65,2.36,-3.90,-0.99,0.99,0.65,1.36,0.35,-2.91,-3.01
16354.45,-1.39,1.76,-4.02,-0.96,0.96,0.61,1.31,-0.43,-3.05,-3.15
16517.99,-1.74,1.56,-4.13,-0.93,0.93,0.57,1.26,-0.81,-3.20,-3.29
16683.17,-1.83,1.60,-4.24,-0.90,0.90,0.54,1.18,-0.94,-3.35,-3.44
16850.01,-2.15,1.43,-4.36,-0.86,0.86,0.50,1.10,-1.29,-3.49,-3.59
17018.51,-2.77,0.96,-4.47,-0.83,0.83,0.47,1.01,-1.94,-3.64,-3.73
17188.69,-3.39,0.49,-4.59,-0.80,0.80,0.44,0.92,-2.59,-3.79,-3.88
17360.58,-3.97,0.06,-4.71,-0.77,0.77,0.40,0.83,-3.21,-3.95,-4.03
17534.18,-4.52,-0.34,-4.83,-0.73,0.73,0.37,0.74,-3.79,-4.10,-4.18
17709.53,-5.00,-0.67,-4.95,-0.70,0.70,0.34,0.66,-4.30,-4.26,-4.33
17886.62,-5.44,-0.97,-5.08,-0.66,0.66,0.31,0.58,-4.77,-4.41,-4.47
18065.49,-5.85,-1.24,-5.20,-0.63,0.63,0.29,0.51,-5.22,-4.57,-4.61
18246.14,-6.27,-1.53,-5.33,-0.60,0.60,0.26,0.44,-5.67,-4.73,-4.74
18428.60,-6.63,-1.78,-5.45,-0.56,0.56,0.24,0.38,-6.07,-4.89,-4.85
18612.89,-6.99,-2.03,-5.58,-0.53,0.53,0.21,0.33,-6.47,-5.05,-4.96
18799.02,-7.41,-2.35,-5.71,-0.49,0.49,0.19,0.29,-6.91,-5.22,-5.06
18987.01,-7.94,-2.78,-5.84,-0.46,0.46,0.17,0.24,-7.48,-5.38,-5.16
19176.88,-8.62,-3.38,-5.97,-0.42,0.42,0.15,0.21,-8.20,-5.55,-5.24
19368.65,-9.52,-4.19,-6.10,-0.38,0.38,0.13,0.17,-9.13,-5.72,-5.32
19562.33,-10.05,-4.65,-6.24,-0.35,0.35,0.11,0.14,-9.70,-5.89,-5.40
19757.96,-10.55,-5.09,-6.37,-0.31,0.31,0.09,0.12,-10.24,-6.06,-5.46
19955.54,-11.06,-5.56,-6.51,-0.28,0.28,0.07,0.09,-10.78,-6.23,-5.50
