frequency,raw,error,smoothed,error_smoothed,equalization,parametric_eq,fixed_band_eq,equalized_raw,equalized_smoothed,target
20.00,7.76,0.04,7.76,0.04,-0.03,0.13,0.14,7.73,7.73,7.71
20.20,7.78,0.03,7.78,0.05,-0.05,0.13,0.15,7.73,7.73,7.75
20.40,7.80,0.06,7.81,0.05,-0.06,0.14,0.15,7.74,7.74,7.75
20.61,7.83,0.08,7.83,0.06,-0.07,0.14,0.16,7.77,7.77,7.75
20.81,7.86,0.04,7.86,0.06,-0.07,0.14,0.16,7.80,7.80,7.82
21.02,7.89,0.05,7.89,0.06,-0.06,0.14,0.17,7.83,7.83,7.85
21.23,7.93,0.07,7.93,0.06,-0.05,0.15,0.17,7.88,7.88,7.85
21.44,7.96,0.05,7.96,0.05,-0.03,0.15,0.18,7.93,7.93,7.91
21.66,7.99,0.02,7.99,0.02,-0.01,0.15,0.18,7.98,7.98,7.97
21.87,8.02,-0.02,8.02,-0.02,0.02,0.15,0.19,8.04,8.04,8.04
22.09,8.05,-0.06,8.05,-0.06,0.06,0.16,0.19,8.11,8.11,8.11
22.31,8.08,-0.11,8.08,-0.11,0.10,0.16,0.20,8.18,8.18,8.18
22.54,8.11,-0.15,8.11,-0.15,0.14,0.16,0.20,8.25,8.25,8.26
22.76,8.13,-0.20,8.13,-0.19,0.19,0.16,0.21,8.32,8.32,8.33
22.99,8.16,-0.23,8.16,-0.23,0.24,0.17,0.22,8.40,8.40,8.39
23.22,8.19,-0.26,8.19,-0.27,0.28,0.17,0.22,8.47,8.47,8.45
23.45,8.22,-0.31,8.22,-0.31,0.32,0.17,0.23,8.54,8.54,8.53
23.69,8.25,-0.36,8.25,-0.36,0.35,0.18,0.24,8.60,8.60,8.61
23.92,8.28,-0.40,8.28,-0.40,0.38,0.18,0.24,8.66,8.66,8.68
24.16,8.31,-0.43,8.31,-0.41,0.41,0.18,0.25,8.72,8.72,8.74
24.40,8.34,-0.41,8.34,-0.42,0.42,0.18,0.26,8.76,8.76,8.75
24.65,8.36,-0.42,8.36,-0.43,0.43,0.19,0.27,8.79,8.79,8.78
24.89,8.39,-0.46,8.39,-0.43,0.43,0.19,0.27,8.82,8.82,8.85
25.14,8.41,-0.43,8.41,-0.43,0.43,0.19,0.28,8.84,8.84,8.85
25.39,8.44,-0.41,8.44,-0.42,0.42,0.20,0.29,8.85,8.85,8.85
25.65,8.46,-0.39,8.46,-0.39,0.40,0.20,0.29,8.86,8.86,8.85
25.91,8.47,-0.37,8.47,-0.37,0.39,0.20,0.30,8.86,8.86,8.85
26.16,8.49,-0.36,8.49,-0.36,0.37,0.20,0.31,8.85,8.85,8.85
26.43,8.50,-0.35,8.50,-0.35,0.34,0.21,0.32,8.84,8.84,8.85
26.69,8.50,-0.34,8.50,-0.33,0.32,0.21,0.32,8.82,8.82,8.85
26.96,8.51,-0.30,8.51,-0.30,0.29,0.21,0.33,8.79,8.79,8.81
27.23,8.50,-0.24,8.50,-0.27,0.26,0.22,0.34,8.77,8.76,8.75
27.50,8.50,-0.25,8.50,-0.23,0.24,0.22,0.34,8.73,8.73,8.75
27.77,8.49,-0.20,8.49,-0.20,0.21,0.22,0.35,8.70,8.70,8.69
28.05,8.48,-0.16,8.48,-0.18,0.19,0.23,0.36,8.67,8.67,8.65
28.33,8.48,-0.16,8.48,-0.16,0.17,0.23,0.36,8.65,8.65,8.65
28.62,8.48,-0.16,8.48,-0.16,0.15,0.23,0.37,8.64,8.64,8.65
28.90,8.49,-0.16,8.49,-0.15,0.15,0.24,0.37,8.64,8.64,8.65
29.19,8.50,-0.14,8.50,-0.14,0.15,0.24,0.38,8.65,8.65,8.65
29.48,8.52,-0.13,8.52,-0.15,0.16,0.24,0.38,8.67,8.67,8.65
29.78,8.53,-0.16,8.53,-0.16,0.17,0.25,0.38,8.70,8.70,8.69
30.08,8.55,-0.19,8.55,-0.17,0.18,0.25,0.39,8.73,8.73,8.75
30.38,8.57,-0.18,8.57,-0.20,0.19,0.25,0.39,8.76,8.76,8.75
30.68,8.58,-0.21,8.58,-0.22,0.20,0.26,0.39,8.78,8.78,8.79
30.99,8.60,-0.25,8.60,-0.23,0.21,0.26,0.39,8.81,8.81,8.85
31.30,8.61,-0.24,8.61,-0.24,0.22,0.26,0.39,8.83,8.83,8.85
31.61,8.62,-0.23,8.62,-0.23,0.22,0.27,0.39,8.84,8.84,8.85
31.93,8.63,-0.22,8.63,-0.22,0.23,0.27,0.39,8.86,8.86,8.85
32.24,8.64,-0.21,8.64,-0.23,0.25,0.27,0.39,8.88,8.88,8.85
32.57,8.65,-0.25,8.65,-0.25,0.26,0.28,0.39,8.91,8.91,8.90
32.89,8.66,-0.29,8.66,-0.27,0.29,0.28,0.39,8.94,8.94,8.95
33.22,8.66,-0.29,8.66,-0.31,0.31,0.28,0.38,8.98,8.98,8.95
33.55,8.67,-0.34,8.67,-0.35,0.35,0.29,0.38,9.02,9.02,9.02
33.89,8.68,-0.40,8.68,-0.39,0.39,0.29,0.38,9.08,9.08,9.08
34.23,8.69,-0.46,8.69,-0.43,0.43,0.29,0.37,9.13,9.13,9.15
34.57,8.70,-0.45,8.70,-0.47,0.47,0.30,0.37,9.17,9.17,9.15
34.92,8.70,-0.49,8.70,-0.50,0.50,0.30,0.36,9.20,9.20,9.19
35.27,8.70,-0.54,8.70,-0.52,0.52,0.30,0.36,9.22,9.22,9.25
35.62,8.71,-0.54,8.71,-0.55,0.52,0.31,0.35,9.23,9.23,9.25
35.97,8.71,-0.54,8.71,-0.54,0.52,0.31,0.35,9.22,9.22,9.25
36.33,8.71,-0.52,8.71,-0.50,0.50,0.31,0.34,9.21,9.21,9.22
36.70,8.71,-0.45,8.71,-0.47,0.47,0.32,0.33,9.19,9.19,9.16
37.06,8.72,-0.43,8.72,-0.43,0.44,0.32,0.33,9.16,9.16,9.15
37.43,8.72,-0.40,8.72,-0.39,0.40,0.32,0.32,9.12,9.12,9.12
37.81,8.72,-0.34,8.72,-0.36,0.36,0.32,0.32,9.09,9.09,9.06
38.19,8.72,-0.32,8.72,-0.32,0.32,0.33,0.31,9.05,9.05,9.05
38.57,8.72,-0.29,8.73,-0.28,0.28,0.33,0.30,9.01,9.01,9.02
38.95,8.73,-0.23,8.73,-0.25,0.24,0.33,0.30,8.97,8.97,8.95
39.34,8.73,-0.22,8.73,-0.21,0.20,0.34,0.29,8.93,8.93,8.95
39.74,8.73,-0.18,8.73,-0.17,0.16,0.34,0.29,8.89,8.89,8.91
40.14,8.73,-0.11,8.73,-0.14,0.12,0.34,0.28,8.85,8.85,8.85
40.54,8.74,-0.11,8.74,-0.09,0.07,0.34,0.27,8.81,8.81,8.85
40.94,8.74,-0.07,8.74,-0.05,0.04,0.35,0.27,8.78,8.78,8.81
41.35,8.74,-0.00,8.74,-0.02,0.02,0.35,0.26,8.77,8.77,8.75
41.76,8.75,-0.00,8.74,0.00,0.03,0.35,0.26,8.77,8.77,8.75
42.18,8.75,-0.00,8.75,0.01,0.06,0.35,0.25,8.80,8.80,8.75
42.60,8.74,-0.02,8.74,-0.03,0.10,0.35,0.25,8.84,8.84,8.76
43.03,8.74,-0.09,8.74,-0.11,0.16,0.36,0.24,8.90,8.90,8.84
43.46,8.74,-0.23,8.74,-0.22,0.22,0.36,0.24,8.95,8.95,8.97
43.90,8.73,-0.34,8.73,-0.33,0.27,0.36,0.23,9.01,9.01,9.07
44.33,8.72,-0.41,8.72,-0.41,0.32,0.36,0.23,9.04,9.05,9.14
44.78,8.72,-0.43,8.72,-0.42,0.35,0.36,0.23,9.07,9.07,9.15
45.23,8.71,-0.40,8.71,-0.40,0.37,0.36,0.22,9.08,9.08,9.11
45.68,8.70,-0.35,8.70,-0.37,0.38,0.36,0.22,9.08,9.08,9.05
46.13,8.70,-0.35,8.70,-0.33,0.37,0.36,0.22,9.07,9.07,9.05
46.60,8.69,-0.31,8.69,-0.30,0.35,0.36,0.21,9.04,9.04,9.00
47.06,8.69,-0.26,8.69,-0.31,0.33,0.36,0.21,9.02,9.02,8.96
47.53,8.69,-0.33,8.69,-0.32,0.32,0.36,0.21,9.01,9.01,9.02
48.01,8.69,-0.36,8.69,-0.34,0.33,0.37,0.20,9.01,9.01,9.05
48.49,8.69,-0.36,8.69,-0.36,0.34,0.36,0.20,9.03,9.03,9.05
48.97,8.68,-0.37,8.68,-0.36,0.37,0.36,0.20,9.05,9.05,9.05
49.46,8.68,-0.37,8.68,-0.38,0.40,0.36,0.20,9.08,9.08,9.05
49.96,8.67,-0.40,8.67,-0.42,0.44,0.36,0.20,9.11,9.11,9.07
50.46,8.66,-0.48,8.66,-0.45,0.48,0.36,0.19,9.14,9.14,9.14
50.96,8.65,-0.50,8.65,-0.51,0.52,0.36,0.19,9.17,9.17,9.15
51.47,8.64,-0.53,8.64,-0.56,0.55,0.36,0.19,9.19,9.19,9.17
51.99,8.63,-0.61,8.63,-0.59,0.56,0.36,0.19,9.19,9.19,9.24
52.51,8.62,-0.62,8.62,-0.61,0.56,0.36,0.19,9.19,9.19,9.25
53.03,8.62,-0.59,8.62,-0.59,0.54,0.35,0.18,9.16,9.16,9.21
53.56,8.62,-0.52,8.62,-0.53,0.50,0.35,0.18,9.12,9.12,9.14
54.10,8.61,-0.46,8.61,-0.46,0.46,0.35,0.18,9.07,9.07,9.07
54.64,8.61,-0.39,8.61,-0.39,0.41,0.35,0.18,9.02,9.02,9.00
55.18,8.61,-0.33,8.61,-0.32,0.37,0.34,0.18,8.98,8.98,8.94
55.74,8.60,-0.26,8.60,-0.27,0.34,0.34,0.17,8.95,8.95,8.87
56.29,8.60,-0.25,8.60,-0.26,0.32,0.34,0.17,8.92,8.92,8.85
56.86,8.59,-0.28,8.59,-0.29,0.31,0.33,0.17,8.90,8.90,8.87
57.42,8.58,-0.36,8.58,-0.34,0.30,0.33,0.16,8.88,8.88,8.94
58.00,8.57,-0.38,8.57,-0.37,0.31,0.32,0.16,8.87,8.87,8.95
58.58,8.55,-0.37,8.55,-0.36,0.31,0.32,0.16,8.86,8.86,8.92
59.16,8.54,-0.31,8.54,-0.31,0.31,0.31,0.15,8.84,8.84,8.85
59.76,8.53,-0.26,8.53,-0.27,0.30,0.31,0.15,8.82,8.82,8.78
60.35,8.51,-0.24,8.51,-0.25,0.28,0.30,0.14,8.79,8.79,8.75
60.96,8.50,-0.25,8.50,-0.25,0.26,0.30,0.14,8.76,8.75,8.75
61.57,8.48,-0.27,8.48,-0.25,0.24,0.29,0.13,8.72,8.72,8.75
62.18,8.46,-0.24,8.46,-0.24,0.22,0.28,0.13,8.68,8.68,8.70
62.80,8.45,-0.20,8.45,-0.22,0.22,0.28,0.12,8.66,8.66,8.65
63.43,8.43,-0.22,8.43,-0.21,0.23,0.27,0.11,8.66,8.66,8.65
64.07,8.42,-0.23,8.42,-0.22,0.24,0.26,0.10,8.66,8.66,8.65
64.71,8.41,-0.24,8.41,-0.24,0.26,0.26,0.10,8.67,8.67,8.65
65.35,8.40,-0.25,8.40,-0.27,0.28,0.25,0.09,8.68,8.68,8.65
66.01,8.39,-0.31,8.39,-0.31,0.30,0.24,0.08,8.69,8.69,8.70
66.67,8.39,-0.36,8.39,-0.35,0.31,0.23,0.07,8.70,8.70,8.75
67.33,8.38,-0.37,8.38,-0.38,0.33,0.22,0.06,8.71,8.71,8.75
68.01,8.37,-0.37,8.37,-0.37,0.34,0.21,0.05,8.71,8.71,8.75
68.69,8.36,-0.35,8.36,-0.34,0.35,0.20,0.04,8.71,8.71,8.72
69.37,8.36,-0.29,8.36,-0.32,0.35,0.19,0.03,8.71,8.71,8.65
70.07,8.34,-0.30,8.34,-0.30,0.35,0.18,0.01,8.69,8.69,8.65
70.77,8.33,-0.32,8.33,-0.31,0.34,0.17,0.00,8.67,8.67,8.65
71.48,8.31,-0.33,8.31,-0.34,0.32,0.16,-0.01,8.63,8.63,8.65
72.19,8.30,-0.35,8.30,-0.35,0.29,0.15,-0.02,8.59,8.59,8.65
72.91,8.28,-0.33,8.28,-0.31,0.26,0.13,-0.04,8.54,8.54,8.61
73.64,8.26,-0.26,8.26,-0.25,0.24,0.12,-0.05,8.49,8.49,8.52
74.38,8.24,-0.15,8.24,-0.19,0.21,0.11,-0.06,8.44,8.44,8.39
75.12,8.22,-0.13,8.22,-0.14,0.18,0.10,-0.08,8.40,8.40,8.35
75.87,8.20,-0.14,8.20,-0.11,0.16,0.08,-0.09,8.35,8.35,8.33
76.63,8.18,-0.09,8.18,-0.10,0.13,0.07,-0.10,8.31,8.31,8.26
77.40,8.16,-0.09,8.16,-0.10,0.11,0.06,-0.12,8.27,8.27,8.25
78.17,8.14,-0.11,8.14,-0.11,0.09,0.04,-0.13,8.22,8.22,8.25
78.95,8.12,-0.13,8.12,-0.12,0.06,0.03,-0.15,8.18,8.18,8.25
79.74,8.09,-0.09,8.09,-0.08,0.03,0.01,-0.16,8.12,8.12,8.19
80.54,8.07,-0.02,8.07,-0.01,-0.01,-0.00,-0.18,8.06,8.06,8.09
81.35,8.05,0.09,8.05,0.07,-0.06,-0.02,-0.20,7.98,7.98,7.96
82.16,8.02,0.14,8.02,0.14,-0.11,-0.04,-0.21,7.91,7.91,7.88
82.98,7.99,0.18,7.99,0.19,-0.16,-0.05,-0.23,7.84,7.84,7.81
83.81,7.97,0.22,7.97,0.23,-0.19,-0.07,-0.24,7.78,7.78,7.75
84.65,7.94,0.26,7.94,0.25,-0.22,-0.08,-0.26,7.72,7.72,7.68
85.50,7.91,0.26,7.91,0.26,-0.23,-0.10,-0.28,7.68,7.68,7.65
86.35,7.88,0.23,7.88,0.23,-0.24,-0.12,-0.30,7.64,7.64,7.65
87.22,7.85,0.20,7.85,0.19,-0.24,-0.14,-0.31,7.61,7.61,7.65
88.09,7.82,0.17,7.82,0.19,-0.23,-0.16,-0.33,7.58,7.58,7.65
88.97,7.79,0.18,7.79,0.22,-0.23,-0.17,-0.35,7.56,7.56,7.61
89.86,7.77,0.30,7.77,0.26,-0.24,-0.19,-0.37,7.53,7.53,7.47
90.76,7.75,0.30,7.75,0.29,-0.26,-0.21,-0.39,7.49,7.49,7.45
91.66,7.74,0.29,7.74,0.30,-0.29,-0.23,-0.40,7.44,7.44,7.45
92.58,7.72,0.28,7.72,0.29,-0.33,-0.25,-0.42,7.39,7.39,7.45
93.51,7.70,0.32,7.70,0.33,-0.37,-0.27,-0.44,7.33,7.33,7.38
94.44,7.67,0.39,7.67,0.40,-0.40,-0.29,-0.46,7.27,7.27,7.28
95.39,7.64,0.49,7.64,0.47,-0.42,-0.31,-0.48,7.22,7.22,7.15
96.34,7.59,0.51,7.59,0.49,-0.44,-0.33,-0.50,7.15,7.15,7.08
97.30,7.54,0.49,7.54,0.49,-0.46,-0.35,-0.52,7.08,7.08,7.05
98.28,7.48,0.44,7.48,0.46,-0.47,-0.38,-0.54,7.00,7.00,7.04
99.26,7.42,0.45,7.42,0.46,-0.48,-0.40,-0.56,6.94,6.94,6.97
100.25,7.38,0.48,7.38,0.47,-0.49,-0.42,-0.58,6.89,6.89,6.90
101.25,7.35,0.51,7.35,0.49,-0.49,-0.44,-0.60,6.86,6.86,6.85
102.27,7.34,0.49,7.34,0.51,-0.50,-0.46,-0.62,6.83,6.83,6.85
103.29,7.33,0.51,7.33,0.52,-0.53,-0.49,-0.64,6.80,6.80,6.82
104.32,7.32,0.57,7.32,0.54,-0.55,-0.51,-0.66,6.77,6.77,6.75
105.37,7.32,0.57,7.32,0.58,-0.59,-0.53,-0.68,6.73,6.73,6.75
106.42,7.31,0.60,7.31,0.63,-0.62,-0.56,-0.71,6.69,6.69,6.70
107.48,7.30,0.68,7.30,0.67,-0.66,-0.58,-0.73,6.65,6.65,6.62
108.56,7.29,0.73,7.29,0.71,-0.70,-0.61,-0.75,6.60,6.60,6.57
109.64,7.28,0.74,7.28,0.74,-0.74,-0.63,-0.77,6.54,6.54,6.55
110.74,7.27,0.76,7.27,0.77,-0.78,-0.66,-0.79,6.48,6.48,6.51
111.85,7.25,0.80,7.25,0.81,-0.83,-0.68,-0.81,6.42,6.42,6.45
112.97,7.23,0.88,7.23,0.86,-0.87,-0.71,-0.83,6.36,6.36,6.35
114.10,7.21,0.92,7.21,0.91,-0.90,-0.73,-0.84,6.30,6.30,6.29
115.24,7.18,0.95,7.18,0.95,-0.93,-0.76,-0.86,6.25,6.25,6.23
116.39,7.15,0.97,7.15,0.99,-0.95,-0.79,-0.88,6.20,6.20,6.18
117.55,7.12,1.03,7.12,1.01,-0.98,-0.81,-0.90,6.14,6.14,6.09
118.73,7.09,1.04,7.09,1.02,-1.02,-0.84,-0.92,6.06,6.06,6.05
119.92,7.05,1.00,7.05,1.02,-1.07,-0.87,-0.93,5.98,5.98,6.05
121.12,7.01,1.02,7.01,1.02,-1.12,-0.89,-0.95,5.89,5.89,5.99
122.33,6.98,1.06,6.98,1.08,-1.16,-0.92,-0.96,5.82,5.82,5.91
123.55,6.94,1.15,6.94,1.18,-1.18,-0.95,-0.98,5.76,5.76,5.79
124.79,6.90,1.31,6.90,1.27,-1.18,-0.98,-0.99,5.73,5.73,5.59
126.03,6.87,1.32,6.87,1.30,-1.16,-1.01,-1.00,5.71,5.71,5.55
127.29,6.83,1.26,6.83,1.24,-1.12,-1.04,-1.02,5.71,5.71,5.58
128.57,6.80,1.09,6.80,1.11,-1.08,-1.07,-1.03,5.72,5.72,5.70
129.85,6.76,0.97,6.76,0.98,-1.04,-1.10,-1.04,5.72,5.72,5.79
131.15,6.72,0.88,6.72,0.88,-0.99,-1.13,-1.05,5.73,5.73,5.85
132.46,6.69,0.84,6.69,0.85,-0.97,-1.16,-1.06,5.72,5.72,5.85
133.79,6.65,0.88,6.65,0.89,-0.97,-1.19,-1.07,5.68,5.68,5.77
135.12,6.61,0.97,6.61,0.97,-0.99,-1.22,-1.08,5.62,5.62,5.63
136.48,6.57,1.07,6.57,1.07,-1.04,-1.25,-1.09,5.53,5.53,5.50
137.84,6.53,1.17,6.53,1.17,-1.11,-1.28,-1.10,5.42,5.42,5.36
139.22,6.49,1.25,6.49,1.24,-1.17,-1.31,-1.11,5.32,5.32,5.24
140.61,6.45,1.28,6.44,1.29,-1.22,-1.34,-1.12,5.22,5.22,5.17
142.02,6.40,1.31,6.40,1.30,-1.27,-1.37,-1.12,5.13,5.13,5.10
143.44,6.36,1.31,6.36,1.29,-1.30,-1.41,-1.13,5.05,5.05,5.05
144.87,6.32,1.27,6.31,1.29,-1.33,-1.44,-1.14,4.98,4.98,5.05
146.32,6.27,1.29,6.27,1.31,-1.36,-1.47,-1.15,4.91,4.91,4.98
147.78,6.23,1.36,6.23,1.36,-1.39,-1.50,-1.16,4.84,4.84,4.87
149.26,6.18,1.45,6.18,1.42,-1.42,-1.53,-1.17,4.76,4.76,4.73
150.75,6.14,1.48,6.14,1.49,-1.46,-1.56,-1.18,4.67,4.67,4.66
152.26,6.09,1.53,6.09,1.54,-1.51,-1.59,-1.19,4.58,4.58,4.56
153.78,6.05,1.58,6.05,1.58,-1.56,-1.62,-1.21,4.49,4.49,4.46
155.32,6.00,1.62,6.00,1.59,-1.60,-1.64,-1.22,4.40,4.40,4.38
156.88,5.95,1.61,5.95,1.62,-1.63,-1.67,-1.23,4.32,4.32,4.35
158.44,5.91,1.61,5.91,1.65,-1.65,-1.70,-1.25,4.26,4.26,4.30
160.03,5.87,1.72,5.87,1.69,-1.67,-1.72,-1.26,4.19,4.19,4.15
161.63,5.83,1.73,5.83,1.72,-1.70,-1.75,-1.28,4.13,4.13,4.09
163.24,5.78,1.74,5.79,1.73,-1.73,-1.77,-1.30,4.06,4.06,4.05
164.88,5.75,1.70,5.75,1.73,-1.77,-1.79,-1.31,3.98,3.98,4.05
166.53,5.70,1.76,5.70,1.75,-1.81,-1.81,-1.33,3.89,3.89,3.94
168.19,5.66,1.83,5.66,1.81,-1.85,-1.83,-1.35,3.81,3.81,3.84
169.87,5.62,1.87,5.62,1.90,-1.89,-1.85,-1.38,3.73,3.73,3.75
171.57,5.58,1.99,5.57,1.97,-1.93,-1.86,-1.40,3.65,3.65,3.59
173.29,5.53,2.02,5.53,2.01,-1.95,-1.87,-1.42,3.58,3.58,3.50
175.02,5.48,2.03,5.48,2.02,-1.97,-1.89,-1.45,3.51,3.51,3.45
176.77,5.43,1.99,5.43,2.01,-1.99,-1.90,-1.47,3.44,3.44,3.45
178.54,5.38,1.99,5.38,1.98,-2.01,-1.91,-1.50,3.38,3.38,3.40
180.32,5.34,1.99,5.34,1.96,-2.02,-1.92,-1.53,3.32,3.32,3.35
182.13,5.29,1.94,5.29,1.97,-2.02,-1.93,-1.56,3.27,3.27,3.35
183.95,5.24,1.98,5.24,2.00,-2.02,-1.94,-1.59,3.22,3.22,3.25
185.79,5.19,2.07,5.19,2.04,-2.02,-1.94,-1.62,3.16,3.16,3.12
187.65,5.14,2.08,5.14,2.08,-2.03,-1.95,-1.65,3.10,3.10,3.06
189.52,5.09,2.09,5.09,2.09,-2.05,-1.96,-1.69,3.04,3.04,3.00
191.42,5.04,2.09,5.04,2.07,-2.07,-1.96,-1.72,2.97,2.97,2.95
193.33,4.99,2.04,4.99,2.06,-2.09,-1.97,-1.76,2.89,2.89,2.95
195.27,4.94,2.06,4.94,2.06,-2.11,-1.97,-1.79,2.83,2.83,2.88
197.22,4.89,2.08,4.89,2.08,-2.12,-1.98,-1.83,2.77,2.77,2.81
199.19,4.84,2.11,4.84,2.13,-2.12,-1.98,-1.87,2.72,2.72,2.73
201.18,4.79,2.19,4.79,2.17,-2.12,-1.98,-1.91,2.67,2.67,2.60
203.19,4.74,2.19,4.74,2.17,-2.12,-1.99,-1.95,2.62,2.62,2.55
205.23,4.68,2.14,4.68,2.14,-2.11,-1.99,-1.98,2.57,2.57,2.55
207.28,4.63,2.08,4.63,2.08,-2.09,-1.99,-2.02,2.54,2.54,2.55
209.35,4.57,2.02,4.57,2.03,-2.06,-2.00,-2.06,2.52,2.52,2.55
211.44,4.52,1.98,4.52,2.00,-2.01,-2.00,-2.10,2.50,2.50,2.53
213.56,4.46,2.00,4.46,1.98,-1.97,-2.00,-2.14,2.49,2.49,2.46
215.69,4.40,1.96,4.40,1.95,-1.93,-2.01,-2.18,2.47,2.47,2.45
217.85,4.35,1.90,4.35,1.90,-1.91,-2.01,-2.21,2.43,2.43,2.45
220.03,4.29,1.85,4.29,1.85,-1.91,-2.01,-2.25,2.39,2.38,2.45
222.23,4.24,1.84,4.24,1.85,-1.91,-2.01,-2.28,2.33,2.33,2.39
224.45,4.18,1.86,4.18,1.89,-1.91,-2.01,-2.31,2.27,2.27,2.32
226.70,4.12,1.95,4.12,1.94,-1.91,-2.02,-2.34,2.21,2.21,2.17
228.96,4.06,1.98,4.06,1.97,-1.90,-2.02,-2.37,2.16,2.16,2.08
231.25,4.01,1.96,4.01,1.95,-1.89,-2.02,-2.39,2.11,2.11,2.05
233.57,3.95,1.90,3.95,1.90,-1.88,-2.02,-2.42,2.07,2.07,2.05
235.90,3.88,1.84,3.88,1.86,-1.86,-2.02,-2.44,2.03,2.02,2.05
238.26,3.82,1.82,3.82,1.82,-1.83,-2.02,-2.45,1.99,1.99,2.00
240.64,3.76,1.81,3.76,1.78,-1.81,-2.02,-2.46,1.95,1.95,1.95
243.05,3.69,1.74,3.69,1.75,-1.78,-2.02,-2.47,1.91,1.91,1.95
245.48,3.62,1.72,3.62,1.74,-1.77,-2.02,-2.48,1.85,1.85,1.90
247.93,3.55,1.75,3.55,1.75,-1.77,-2.02,-2.48,1.78,1.78,1.80
250.41,3.48,1.80,3.48,1.78,-1.78,-2.02,-2.48,1.71,1.70,1.68
252.92,3.41,1.81,3.41,1.81,-1.79,-2.01,-2.48,1.62,1.62,1.60
255.45,3.35,1.81,3.34,1.82,-1.81,-2.01,-2.47,1.54,1.54,1.53
258.00,3.28,1.84,3.28,1.83,-1.83,-2.01,-2.46,1.46,1.46,1.45
260.58,3.23,1.85,3.23,1.85,-1.85,-2.01,-2.44,1.38,1.38,1.38
263.19,3.19,1.87,3.19,1.88,-1.87,-2.00,-2.42,1.32,1.32,1.32
265.82,3.16,1.91,3.16,1.89,-1.90,-2.00,-2.40,1.26,1.26,1.25
268.48,3.15,1.90,3.15,1.91,-1.93,-1.99,-2.37,1.21,1.22,1.25
271.16,3.14,1.93,3.14,1.94,-1.97,-1.99,-2.35,1.17,1.17,1.22
273.87,3.14,1.99,3.14,1.99,-2.01,-1.98,-2.32,1.13,1.13,1.15
276.61,3.14,2.06,3.14,2.06,-2.05,-1.98,-2.28,1.09,1.09,1.08
279.38,3.13,2.12,3.13,2.11,-2.08,-1.97,-2.25,1.05,1.05,1.01
282.17,3.11,2.16,3.11,2.14,-2.11,-1.96,-2.21,0.99,0.99,0.95
284.99,3.08,2.13,3.08,2.15,-2.14,-1.96,-2.17,0.94,0.94,0.95
287.84,3.04,2.14,3.04,2.15,-2.15,-1.95,-2.13,0.88,0.88,0.90
290.72,2.99,2.16,2.99,2.16,-2.16,-1.94,-2.09,0.83,0.83,0.83
293.63,2.94,2.18,2.94,2.16,-2.16,-1.93,-2.04,0.78,0.78,0.76
296.57,2.88,2.14,2.88,2.14,-2.15,-1.92,-2.00,0.73,0.73,0.75
299.53,2.83,2.11,2.83,2.13,-2.14,-1.91,-1.96,0.69,0.69,0.72
302.53,2.77,2.11,2.77,2.12,-2.12,-1.90,-1.91,0.65,0.65,0.66
305.55,2.71,2.13,2.71,2.12,-2.10,-1.89,-1.87,0.61,0.61,0.58
308.61,2.65,2.11,2.65,2.09,-2.08,-1.88,-1.82,0.58,0.58,0.55
311.69,2.60,2.05,2.60,2.05,-2.05,-1.86,-1.78,0.55,0.55,0.55
314.81,2.54,1.99,2.54,2.01,-2.01,-1.85,-1.73,0.53,0.53,0.55
317.96,2.48,1.97,2.48,1.98,-1.97,-1.83,-1.69,0.51,0.51,0.51
321.14,2.42,1.97,2.42,1.95,-1.94,-1.82,-1.65,0.49,0.49,0.45
324.35,2.36,1.92,2.36,1.91,-1.91,-1.80,-1.60,0.45,0.45,0.45
327.59,2.31,1.86,2.31,1.86,-1.90,-1.79,-1.56,0.41,0.41,0.45
330.87,2.25,1.82,2.25,1.83,-1.90,-1.77,-1.52,0.35,0.35,0.43
334.18,2.19,1.83,2.19,1.84,-1.90,-1.76,-1.48,0.29,0.29,0.36
337.52,2.13,1.89,2.13,1.89,-1.90,-1.74,-1.44,0.24,0.24,0.25
340.90,2.08,1.95,2.08,1.94,-1.89,-1.72,-1.40,0.19,0.19,0.13
344.30,2.02,1.96,2.02,1.95,-1.88,-1.70,-1.36,0.14,0.14,0.06
347.75,1.96,1.92,1.96,1.91,-1.85,-1.68,-1.33,0.11,0.11,0.05
351.23,1.91,1.84,1.91,1.83,-1.81,-1.66,-1.29,0.10,0.10,0.07
354.74,1.85,1.71,1.85,1.74,-1.75,-1.64,-1.25,0.11,0.11,0.14
358.28,1.80,1.65,1.80,1.66,-1.67,-1.62,-1.22,0.13,0.13,0.15
361.87,1.74,1.60,1.74,1.59,-1.59,-1.59,-1.19,0.16,0.16,0.15
365.49,1.69,1.53,1.69,1.51,-1.51,-1.57,-1.16,0.18,0.18,0.16
369.14,1.64,1.42,1.64,1.42,-1.45,-1.55,-1.12,0.18,0.18,0.22
372.83,1.58,1.34,1.58,1.35,-1.41,-1.52,-1.09,0.17,0.17,0.25
376.56,1.53,1.30,1.53,1.33,-1.38,-1.50,-1.06,0.15,0.15,0.23
380.33,1.48,1.37,1.48,1.34,-1.36,-1.47,-1.04,0.12,0.12,0.10
384.13,1.42,1.38,1.42,1.36,-1.33,-1.45,-1.01,0.09,0.09,0.05
387.97,1.37,1.34,1.37,1.37,-1.31,-1.42,-0.98,0.06,0.06,0.03
391.85,1.32,1.35,1.32,1.35,-1.29,-1.39,-0.96,0.03,0.03,-0.03
395.77,1.27,1.32,1.27,1.29,-1.27,-1.36,-0.93,-0.00,-0.00,-0.05
399.73,1.21,1.24,1.22,1.23,-1.25,-1.34,-0.91,-0.03,-0.03,-0.02
403.72,1.16,1.12,1.16,1.16,-1.22,-1.31,-0.88,-0.05,-0.05,0.04
407.76,1.11,1.13,1.11,1.14,-1.18,-1.28,-0.86,-0.07,-0.07,-0.02
411.84,1.06,1.15,1.06,1.14,-1.14,-1.24,-0.84,-0.08,-0.08,-0.08
415.96,1.01,1.16,1.01,1.14,-1.11,-1.21,-0.82,-0.10,-0.10,-0.15
420.12,0.96,1.11,0.96,1.12,-1.08,-1.18,-0.80,-0.12,-0.12,-0.15
424.32,0.91,1.06,0.91,1.06,-1.05,-1.15,-0.78,-0.15,-0.15,-0.15
428.56,0.86,1.01,0.86,1.01,-1.03,-1.11,-0.76,-0.17,-0.17,-0.15
432.85,0.81,0.96,0.81,0.98,-1.01,-1.08,-0.74,-0.20,-0.20,-0.15
437.18,0.76,0.96,0.76,0.96,-0.97,-1.05,-0.72,-0.21,-0.21,-0.20
441.55,0.71,0.96,0.71,0.94,-0.93,-1.01,-0.70,-0.22,-0.22,-0.25
445.96,0.66,0.91,0.66,0.91,-0.89,-0.97,-0.68,-0.23,-0.23,-0.25
450.42,0.61,0.86,0.61,0.87,-0.85,-0.94,-0.66,-0.24,-0.24,-0.25
454.93,0.56,0.82,0.56,0.82,-0.81,-0.90,-0.65,-0.25,-0.25,-0.25
459.48,0.51,0.77,0.51,0.77,-0.77,-0.86,-0.63,-0.26,-0.26,-0.25
464.07,0.47,0.72,0.47,0.71,-0.73,-0.82,-0.61,-0.27,-0.27,-0.25
468.71,0.42,0.67,0.42,0.67,-0.70,-0.78,-0.59,-0.28,-0.28,-0.25
473.40,0.37,0.63,0.37,0.65,-0.67,-0.74,-0.58,-0.30,-0.30,-0.25
478.13,0.33,0.64,0.33,0.63,-0.64,-0.70,-0.56,-0.32,-0.32,-0.31
482.91,0.28,0.63,0.28,0.62,-0.61,-0.66,-0.54,-0.33,-0.33,-0.35
487.74,0.24,0.59,0.24,0.62,-0.58,-0.62,-0.53,-0.35,-0.35,-0.35
492.62,0.19,0.61,0.19,0.59,-0.55,-0.58,-0.51,-0.36,-0.36,-0.42
497.55,0.15,0.57,0.15,0.54,-0.52,-0.54,-0.49,-0.37,-0.37,-0.42
502.52,0.11,0.46,0.11,0.49,-0.49,-0.49,-0.48,-0.39,-0.39,-0.35
507.55,0.06,0.42,0.06,0.41,-0.46,-0.45,-0.46,-0.40,-0.40,-0.35
512.62,0.02,0.37,0.02,0.37,-0.42,-0.41,-0.44,-0.40,-0.40,-0.35
517.75,-0.03,0.34,-0.03,0.36,-0.37,-0.36,-0.42,-0.40,-0.40,-0.36
522.93,-0.07,0.37,-0.07,0.35,-0.32,-0.32,-0.41,-0.39,-0.39,-0.44
528.16,-0.11,0.34,-0.11,0.33,-0.27,-0.27,-0.39,-0.38,-0.38,-0.45
533.44,-0.16,0.28,-0.16,0.27,-0.22,-0.23,-0.37,-0.38,-0.38,-0.44
538.77,-0.20,0.17,-0.20,0.16,-0.17,-0.18,-0.35,-0.37,-0.37,-0.37
544.16,-0.24,0.05,-0.24,0.09,-0.12,-0.13,-0.33,-0.35,-0.35,-0.29
549.60,-0.28,0.01,-0.28,0.03,-0.06,-0.09,-0.31,-0.34,-0.34,-0.29
555.10,-0.32,0.04,-0.32,-0.02,-0.01,-0.04,-0.30,-0.33,-0.33,-0.35
560.65,-0.35,-0.07,-0.35,-0.05,0.04,0.01,-0.28,-0.32,-0.32,-0.28
566.25,-0.39,-0.10,-0.39,-0.07,0.08,0.06,-0.26,-0.31,-0.31,-0.29
571.92,-0.43,-0.08,-0.43,-0.11,0.12,0.10,-0.24,-0.31,-0.31,-0.35
577.64,-0.47,-0.12,-0.47,-0.12,0.15,0.15,-0.22,-0.32,-0.32,-0.35
583.41,-0.52,-0.17,-0.52,-0.16,0.19,0.20,-0.20,-0.33,-0.33,-0.35
589.25,-0.57,-0.21,-0.57,-0.21,0.22,0.24,-0.18,-0.35,-0.35,-0.35
595.14,-0.62,-0.26,-0.62,-0.26,0.25,0.29,-0.16,-0.36,-0.36,-0.35
601.09,-0.66,-0.31,-0.66,-0.31,0.28,0.34,-0.14,-0.38,-0.38,-0.35
607.10,-0.70,-0.35,-0.70,-0.35,0.31,0.38,-0.12,-0.39,-0.39,-0.35
613.17,-0.74,-0.39,-0.74,-0.37,0.34,0.43,-0.10,-0.40,-0.40,-0.35
619.30,-0.77,-0.36,-0.77,-0.36,0.37,0.48,-0.07,-0.40,-0.40,-0.41
625.50,-0.80,-0.35,-0.81,-0.37,0.40,0.52,-0.05,-0.40,-0.40,-0.45
631.75,-0.84,-0.38,-0.84,-0.40,0.44,0.56,-0.03,-0.40,-0.40,-0.45
638.07,-0.87,-0.47,-0.87,-0.46,0.47,0.61,-0.01,-0.40,-0.40,-0.39
644.45,-0.89,-0.54,-0.89,-0.52,0.51,0.65,0.01,-0.39,-0.39,-0.35
650.89,-0.92,-0.57,-0.92,-0.57,0.55,0.69,0.04,-0.37,-0.37,-0.35
657.40,-0.95,-0.60,-0.95,-0.62,0.61,0.73,0.06,-0.34,-0.34,-0.35
663.98,-0.98,-0.66,-0.98,-0.67,0.67,0.77,0.08,-0.31,-0.31,-0.31
670.62,-1.00,-0.75,-1.00,-0.72,0.73,0.81,0.10,-0.27,-0.27,-0.25
677.32,-1.02,-0.77,-1.02,-0.78,0.79,0.85,0.13,-0.23,-0.23,-0.25
684.10,-1.04,-0.83,-1.04,-0.85,0.85,0.89,0.15,-0.19,-0.19,-0.21
690.94,-1.06,-0.92,-1.06,-0.91,0.92,0.92,0.18,-0.14,-0.14,-0.14
697.85,-1.07,-1.00,-1.07,-0.97,0.99,0.95,0.20,-0.08,-0.08,-0.07
704.83,-1.09,-1.03,-1.09,-1.05,1.05,0.98,0.23,-0.03,-0.03,-0.05
711.87,-1.09,-1.08,-1.09,-1.12,1.11,1.01,0.25,0.02,0.02,-0.02
718.99,-1.10,-1.23,-1.10,-1.19,1.16,1.04,0.28,0.06,0.06,0.13
726.18,-1.10,-1.25,-1.10,-1.24,1.20,1.06,0.30,0.10,0.10,0.15
733.44,-1.10,-1.25,-1.10,-1.26,1.24,1.09,0.33,0.14,0.14,0.15
740.78,-1.10,-1.25,-1.10,-1.24,1.26,1.11,0.35,0.17,0.17,0.15
748.19,-1.09,-1.24,-1.09,-1.25,1.28,1.13,0.38,0.19,0.19,0.15
755.67,-1.09,-1.27,-1.09,-1.28,1.30,1.14,0.41,0.21,0.21,0.18
763.23,-1.08,-1.33,-1.08,-1.30,1.30,1.16,0.43,0.23,0.23,0.25
770.86,-1.07,-1.32,-1.07,-1.32,1.30,1.17,0.46,0.24,0.23,0.25
778.57,-1.06,-1.30,-1.06,-1.31,1.30,1.18,0.49,0.24,0.24,0.25
786.35,-1.05,-1.29,-1.05,-1.30,1.29,1.18,0.51,0.24,0.24,0.25
794.22,-1.03,-1.28,-1.04,-1.29,1.27,1.19,0.54,0.23,0.23,0.25
802.16,-1.02,-1.27,-1.02,-1.26,1.25,1.19,0.57,0.23,0.23,0.25
810.18,-1.01,-1.24,-1.01,-1.22,1.22,1.19,0.59,0.21,0.21,0.23
818.28,-0.99,-1.15,-0.99,-1.17,1.19,1.18,0.62,0.20,0.20,0.16
826.46,-0.97,-1.12,-0.97,-1.14,1.16,1.18,0.64,0.19,0.19,0.15
834.73,-0.95,-1.12,-0.95,-1.13,1.14,1.17,0.66,0.19,0.19,0.17
843.08,-0.93,-1.17,-0.93,-1.12,1.12,1.15,0.69,0.19,0.19,0.24
851.51,-0.90,-1.09,-0.90,-1.11,1.10,1.14,0.71,0.19,0.19,0.18
860.02,-0.88,-1.05,-0.88,-1.09,1.08,1.12,0.73,0.20,0.20,0.18
868.62,-0.84,-1.09,-0.84,-1.06,1.06,1.10,0.75,0.21,0.21,0.24
877.31,-0.81,-1.06,-0.81,-1.05,1.04,1.08,0.77,0.23,0.23,0.25
886.08,-0.77,-1.02,-0.77,-1.02,1.02,1.06,0.78,0.24,0.24,0.25
894.94,-0.73,-0.98,-0.73,-0.98,0.99,1.03,0.80,0.26,0.26,0.25
903.89,-0.69,-0.94,-0.69,-0.95,0.97,1.00,0.81,0.28,0.28,0.25
912.93,-0.64,-0.93,-0.64,-0.93,0.95,0.97,0.82,0.30,0.30,0.29
922.06,-0.59,-0.94,-0.59,-0.92,0.92,0.93,0.82,0.33,0.33,0.35
931.28,-0.54,-0.88,-0.54,-0.90,0.89,0.90,0.83,0.35,0.35,0.35
940.59,-0.48,-0.87,-0.48,-0.88,0.85,0.86,0.82,0.38,0.38,0.39
950.00,-0.41,-0.86,-0.41,-0.84,0.82,0.82,0.82,0.41,0.41,0.45
959.50,-0.34,-0.79,-0.34,-0.79,0.78,0.77,0.81,0.44,0.44,0.45
969.09,-0.27,-0.71,-0.27,-0.73,0.74,0.73,0.81,0.47,0.47,0.45
978.78,-0.19,-0.66,-0.19,-0.67,0.70,0.68,0.79,0.51,0.51,0.47
988.57,-0.10,-0.64,-0.10,-0.64,0.65,0.63,0.77,0.54,0.54,0.54
998.46,-0.01,-0.62,-0.01,-0.60,0.60,0.58,0.75,0.58,0.58,0.61
1008.44,0.08,-0.57,0.08,-0.55,0.54,0.52,0.73,0.62,0.62,0.65
1018.53,0.18,-0.47,0.18,-0.49,0.49,0.46,0.70,0.67,0.67,0.65
1028.71,0.28,-0.44,0.28,-0.44,0.44,0.40,0.67,0.72,0.72,0.72
1039.00,0.39,-0.40,0.39,-0.38,0.38,0.34,0.63,0.77,0.77,0.79
1049.39,0.51,-0.34,0.51,-0.32,0.33,0.28,0.59,0.83,0.83,0.85
1059.88,0.63,-0.22,0.63,-0.25,0.27,0.21,0.54,0.90,0.90,0.85
1070.48,0.76,-0.18,0.76,-0.19,0.21,0.14,0.50,0.97,0.97,0.93
1081.19,0.90,-0.16,0.90,-0.14,0.14,0.06,0.44,1.04,1.04,1.06
1092.00,1.04,-0.09,1.04,-0.09,0.07,-0.02,0.39,1.11,1.11,1.13
1102.92,1.20,-0.00,1.20,-0.01,-0.02,-0.10,0.33,1.18,1.18,1.20
1113.95,1.36,0.09,1.36,0.09,-0.11,-0.19,0.27,1.25,1.25,1.27
1125.09,1.53,0.19,1.53,0.19,-0.21,-0.28,0.21,1.32,1.32,1.34
1136.34,1.71,0.30,1.71,0.32,-0.33,-0.37,0.14,1.38,1.38,1.41
1147.70,1.89,0.45,1.89,0.46,-0.45,-0.47,0.07,1.45,1.45,1.45
1159.18,2.09,0.64,2.09,0.60,-0.57,-0.58,-0.00,1.52,1.52,1.45
1170.77,2.29,0.72,2.29,0.73,-0.70,-0.69,-0.08,1.59,1.60,1.57
1182.48,2.50,0.82,2.50,0.85,-0.83,-0.81,-0.15,1.68,1.68,1.68
1194.30,2.72,0.97,2.72,0.97,-0.97,-0.93,-0.23,1.75,1.75,1.75
1206.25,2.94,1.12,2.94,1.10,-1.12,-1.06,-0.31,1.82,1.83,1.82
1218.31,3.17,1.24,3.17,1.23,-1.27,-1.20,-0.39,1.89,1.89,1.93
1230.49,3.40,1.35,3.40,1.39,-1.44,-1.35,-0.48,1.96,1.96,2.05
1242.80,3.63,1.58,3.63,1.59,-1.62,-1.51,-0.56,2.02,2.02,2.05
1255.22,3.87,1.82,3.87,1.81,-1.80,-1.67,-0.65,2.07,2.07,2.05
1267.78,4.10,2.04,4.10,2.02,-1.98,-1.84,-0.74,2.12,2.12,2.06
1280.45,4.33,2.20,4.33,2.20,-2.16,-2.02,-0.83,2.17,2.17,2.13
1293.26,4.55,2.35,4.55,2.36,-2.33,-2.20,-0.92,2.22,2.22,2.20
1306.19,4.77,2.50,4.77,2.50,-2.50,-2.39,-1.02,2.27,2.28,2.27
1319.25,4.99,2.65,4.99,2.65,-2.65,-2.59,-1.11,2.34,2.34,2.34
1332.45,5.19,2.78,5.19,2.78,-2.79,-2.78,-1.21,2.40,2.40,2.41
1345.77,5.39,2.91,5.39,2.91,-2.93,-2.97,-1.31,2.46,2.46,2.48
1359.23,5.57,3.03,5.57,3.05,-3.06,-3.16,-1.40,2.51,2.51,2.54
1372.82,5.74,3.19,5.74,3.18,-3.19,-3.32,-1.51,2.56,2.56,2.55
1386.55,5.90,3.32,5.90,3.31,-3.30,-3.49,-1.61,2.60,2.60,2.58
1400.41,6.06,3.41,6.06,3.44,-3.42,-3.61,-1.71,2.64,2.64,2.65
1414.42,6.20,3.55,6.20,3.54,-3.53,-3.74,-1.81,2.67,2.68,2.65
1428.56,6.34,3.65,6.34,3.63,-3.63,-3.82,-1.92,2.71,2.71,2.69
1442.85,6.47,3.71,6.47,3.71,-3.72,-3.90,-2.03,2.75,2.75,2.76
1457.28,6.59,3.76,6.59,3.78,-3.80,-3.94,-2.14,2.79,2.79,2.83
1471.85,6.71,3.86,6.71,3.86,-3.87,-3.98,-2.25,2.84,2.84,2.85
1486.57,6.82,3.96,6.82,3.94,-3.93,-3.99,-2.36,2.89,2.89,2.86
1501.43,6.93,3.99,6.93,4.00,-3.98,-4.00,-2.47,2.95,2.95,2.93
1516.45,7.04,4.03,7.04,4.04,-4.02,-4.00,-2.59,3.01,3.01,3.00
1531.61,7.14,4.07,7.14,4.07,-4.07,-4.00,-2.70,3.08,3.08,3.07
1546.93,7.25,4.10,7.25,4.11,-4.11,-4.01,-2.82,3.14,3.14,3.14
1562.40,7.35,4.14,7.35,4.14,-4.15,-4.02,-2.94,3.20,3.20,3.21
1578.02,7.46,4.18,7.46,4.17,-4.19,-4.04,-3.05,3.27,3.27,3.28
1593.80,7.56,4.21,7.56,4.21,-4.23,-4.06,-3.17,3.33,3.33,3.35
1609.74,7.67,4.25,7.67,4.27,-4.28,-4.10,-3.29,3.38,3.38,3.42
1625.84,7.77,4.32,7.77,4.33,-4.34,-4.14,-3.41,3.43,3.43,3.45
1642.10,7.88,4.42,7.88,4.40,-4.39,-4.20,-3.53,3.49,3.49,3.46
1658.52,7.99,4.46,7.99,4.46,-4.45,-4.26,-3.65,3.54,3.54,3.52
1675.10,8.10,4.50,8.10,4.51,-4.50,-4.33,-3.76,3.60,3.60,3.59
1691.85,8.21,4.55,8.21,4.55,-4.55,-4.40,-3.88,3.66,3.66,3.66
1708.77,8.32,4.59,8.32,4.60,-4.59,-4.48,-3.99,3.73,3.73,3.73
1725.86,8.43,4.63,8.43,4.62,-4.62,-4.55,-4.10,3.82,3.82,3.80
1743.12,8.55,4.66,8.55,4.64,-4.64,-4.63,-4.21,3.90,3.90,3.89
1760.55,8.66,4.63,8.66,4.66,-4.66,-4.70,-4.32,4.00,4.00,4.03
1778.15,8.77,4.67,8.77,4.66,-4.68,-4.76,-4.42,4.10,4.10,4.11
1795.94,8.89,4.69,8.89,4.67,-4.69,-4.82,-4.51,4.20,4.20,4.20
1813.90,9.00,4.66,9.00,4.69,-4.69,-4.86,-4.60,4.31,4.31,4.34
1832.03,9.11,4.70,9.11,4.69,-4.68,-4.89,-4.69,4.42,4.42,4.41
1850.36,9.22,4.70,9.22,4.69,-4.67,-4.90,-4.77,4.55,4.55,4.52
1868.86,9.32,4.67,9.32,4.67,-4.65,-4.90,-4.84,4.67,4.67,4.65
1887.55,9.43,4.64,9.43,4.64,-4.63,-4.88,-4.90,4.80,4.80,4.79
1906.42,9.53,4.60,9.53,4.60,-4.60,-4.84,-4.95,4.93,4.93,4.93
1925.49,9.62,4.56,9.62,4.56,-4.56,-4.78,-4.99,5.06,5.06,5.06
1944.74,9.71,4.51,9.71,4.50,-4.52,-4.71,-5.03,5.19,5.19,5.20
1964.19,9.80,4.46,9.80,4.47,-4.49,-4.62,-5.05,5.31,5.31,5.34
1983.83,9.88,4.42,9.88,4.43,-4.45,-4.52,-5.07,5.43,5.43,5.46
2003.67,9.95,4.42,9.95,4.40,-4.41,-4.41,-5.07,5.54,5.54,5.53
2023.71,10.02,4.36,10.02,4.37,-4.36,-4.29,-5.07,5.66,5.66,5.66
2043.94,10.08,4.31,10.08,4.33,-4.31,-4.16,-5.05,5.77,5.77,5.77
2064.38,10.13,4.29,10.13,4.27,-4.25,-4.03,-5.02,5.88,5.88,5.84
2085.03,10.17,4.20,10.17,4.20,-4.18,-3.90,-4.98,5.99,5.99,5.97
2105.88,10.20,4.09,10.20,4.10,-4.09,-3.76,-4.94,6.11,6.11,6.11
2126.94,10.22,3.98,10.22,3.97,-4.00,-3.62,-4.88,6.23,6.22,6.25
2148.20,10.23,3.85,10.24,3.87,-3.89,-3.49,-4.82,6.34,6.34,6.38
2169.69,10.24,3.75,10.24,3.76,-3.77,-3.36,-4.75,6.47,6.47,6.48
2191.38,10.23,3.68,10.23,3.65,-3.64,-3.23,-4.67,6.60,6.59,6.56
2213.30,10.21,3.51,10.21,3.52,-3.49,-3.11,-4.58,6.72,6.72,6.70
2235.43,10.19,3.35,10.19,3.36,-3.33,-2.99,-4.49,6.86,6.86,6.83
2257.78,10.15,3.18,10.15,3.18,-3.17,-2.88,-4.39,6.99,6.99,6.97
2280.36,10.11,3.00,10.11,3.00,-3.00,-2.78,-4.29,7.11,7.11,7.11
2303.17,10.07,2.82,10.06,2.81,-2.83,-2.68,-4.19,7.24,7.24,7.25
2326.20,10.02,2.63,10.02,2.63,-2.66,-2.58,-4.08,7.36,7.36,7.38
2349.46,9.96,2.44,9.96,2.46,-2.49,-2.50,-3.97,7.48,7.48,7.52
2372.95,9.92,2.31,9.92,2.32,-2.33,-2.42,-3.85,7.59,7.59,7.60
2396.68,9.87,2.20,9.87,2.19,-2.18,-2.35,-3.74,7.69,7.69,7.67
2420.65,9.83,2.09,9.83,2.07,-2.04,-2.28,-3.62,7.79,7.79,7.74
2444.86,9.80,1.93,9.80,1.94,-1.92,-2.22,-3.50,7.88,7.88,7.87
2469.31,9.78,1.80,9.78,1.81,-1.83,-2.17,-3.39,7.95,7.95,7.98
2494.00,9.76,1.72,9.76,1.71,-1.74,-2.12,-3.27,8.02,8.02,8.05
2518.94,9.76,1.64,9.76,1.65,-1.68,-2.08,-3.15,8.08,8.08,8.12
2544.13,9.75,1.61,9.75,1.61,-1.62,-2.05,-3.03,8.13,8.13,8.15
2569.57,9.75,1.61,9.75,1.60,-1.58,-2.03,-2.92,8.17,8.17,8.15
2595.27,9.75,1.60,9.75,1.60,-1.56,-2.01,-2.80,8.19,8.19,8.15
2621.22,9.75,1.60,9.75,1.59,-1.56,-2.01,-2.69,8.18,8.18,8.15
2647.43,9.74,1.59,9.74,1.58,-1.58,-2.01,-2.57,8.15,8.15,8.15
2673.90,9.72,1.58,9.72,1.59,-1.62,-2.01,-2.46,8.11,8.11,8.15
2700.64,9.71,1.62,9.71,1.63,-1.66,-2.03,-2.35,8.05,8.05,8.09
2727.65,9.70,1.69,9.70,1.70,-1.71,-2.06,-2.24,7.98,7.98,8.00
2754.93,9.69,1.82,9.69,1.80,-1.78,-2.09,-2.13,7.91,7.91,7.87
2782.48,9.69,1.90,9.69,1.90,-1.86,-2.14,-2.02,7.83,7.83,7.79
2810.30,9.71,1.99,9.71,2.00,-1.97,-2.20,-1.92,7.74,7.74,7.72
2838.40,9.75,2.10,9.75,2.10,-2.10,-2.27,-1.82,7.65,7.65,7.65
2866.79,9.81,2.23,9.81,2.22,-2.25,-2.36,-1.71,7.56,7.56,7.58
2895.46,9.88,2.37,9.89,2.37,-2.42,-2.46,-1.61,7.46,7.46,7.51
2924.41,9.99,2.55,9.99,2.57,-2.61,-2.57,-1.51,7.38,7.37,7.44
2953.65,10.10,2.80,10.10,2.80,-2.82,-2.70,-1.41,7.28,7.28,7.30
2983.19,10.23,3.07,10.23,3.06,-3.04,-2.85,-1.32,7.19,7.19,7.16
3013.02,10.36,3.33,10.36,3.31,-3.28,-3.02,-1.22,7.08,7.08,7.04
3043.15,10.49,3.53,10.49,3.55,-3.53,-3.21,-1.13,6.97,6.96,6.97
3073.58,10.62,3.77,10.62,3.77,-3.77,-3.41,-1.04,6.85,6.84,6.85
3104.32,10.74,4.01,10.74,3.99,-4.01,-3.63,-0.95,6.73,6.73,6.73
3135.36,10.85,4.18,10.85,4.21,-4.22,-3.86,-0.86,6.63,6.63,6.66
3166.72,10.94,4.41,10.95,4.42,-4.41,-4.11,-0.77,6.54,6.54,6.54
3198.38,11.04,4.61,11.03,4.60,-4.57,-4.35,-0.68,6.47,6.46,6.42
3230.37,11.11,4.76,11.11,4.74,-4.70,-4.59,-0.59,6.41,6.41,6.35
3262.67,11.17,4.83,11.18,4.83,-4.81,-4.81,-0.51,6.37,6.37,6.35
3295.30,11.22,4.88,11.22,4.88,-4.88,-5.00,-0.43,6.35,6.34,6.35
3328.25,11.25,4.90,11.25,4.90,-4.92,-5.13,-0.35,6.33,6.33,6.35
3361.53,11.25,4.90,11.25,4.90,-4.93,-5.21,-0.27,6.33,6.33,6.35
3395.15,11.23,4.89,11.23,4.88,-4.90,-5.21,-0.19,6.33,6.32,6.35
3429.10,11.18,4.83,11.18,4.84,-4.86,-5.14,-0.11,6.32,6.33,6.35
3463.39,11.10,4.76,11.11,4.76,-4.78,-4.98,-0.04,6.33,6.33,6.35
3498.03,11.00,4.66,11.00,4.66,-4.66,-4.76,0.04,6.34,6.34,6.35
3533.01,10.86,4.51,10.86,4.52,-4.51,-4.49,0.11,6.35,6.36,6.35
3568.34,10.69,4.34,10.69,4.33,-4.28,-4.17,0.18,6.40,6.41,6.35
3604.02,10.49,4.09,10.48,4.09,-4.01,-3.83,0.24,6.48,6.48,6.40
3640.06,10.24,3.77,10.24,3.78,-3.68,-3.48,0.31,6.55,6.55,6.47
3676.46,9.95,3.41,9.95,3.40,-3.33,-3.12,0.37,6.62,6.62,6.54
3713.22,9.63,2.97,9.63,2.98,-2.96,-2.77,0.43,6.67,6.67,6.66
3750.36,9.28,2.50,9.27,2.52,-2.58,-2.43,0.49,6.70,6.69,6.77
3787.86,8.87,2.03,8.88,2.02,-2.21,-2.10,0.54,6.67,6.67,6.84
3825.74,8.46,1.49,8.46,1.48,-1.85,-1.78,0.60,6.61,6.61,6.97
3864.00,8.02,0.90,8.01,0.91,-1.52,-1.48,0.65,6.50,6.49,7.11
3902.64,7.55,0.30,7.55,0.31,-1.22,-1.20,0.69,6.33,6.34,7.25
3941.66,7.08,-0.31,7.08,-0.33,-0.94,-0.92,0.74,6.14,6.14,7.39
3981.08,6.60,-0.97,6.60,-0.97,-0.69,-0.66,0.78,5.91,5.91,7.57
4020.89,6.11,-1.65,6.11,-1.63,-0.45,-0.40,0.82,5.66,5.67,7.76
4061.10,5.63,-2.28,5.63,-2.29,-0.21,-0.15,0.85,5.42,5.42,7.90
4101.71,5.14,-2.95,5.14,-2.96,0.05,0.09,0.88,5.19,5.19,8.09
4142.73,4.66,-3.64,4.66,-3.63,0.31,0.33,0.91,4.97,4.97,8.30
4184.15,4.17,-4.32,4.18,-4.33,0.57,0.56,0.94,4.74,4.74,8.50
4226.00,3.70,-5.00,3.70,-5.01,0.83,0.80,0.96,4.53,4.53,8.70
4268.26,3.23,-5.66,3.23,-5.65,1.09,1.03,0.99,4.32,4.32,8.89
4310.94,2.77,-6.26,2.77,-6.25,1.34,1.27,1.01,4.11,4.11,9.03
4354.05,2.32,-6.79,2.32,-6.80,1.60,1.51,1.02,3.92,3.92,9.11
4397.59,1.87,-7.30,1.87,-7.31,1.86,1.75,1.04,3.74,3.73,9.18
4441.56,1.44,-7.81,1.44,-7.81,2.12,2.00,1.06,3.56,3.56,9.24
4485.98,1.02,-8.30,1.02,-8.29,2.38,2.26,1.07,3.39,3.39,9.31
4530.84,0.61,-8.74,0.61,-8.74,2.64,2.52,1.08,3.24,3.24,9.35
4576.15,0.21,-9.13,0.21,-9.12,2.89,2.79,1.09,3.10,3.10,9.34
4621.91,-0.18,-9.45,-0.18,-9.46,3.15,3.07,1.10,2.97,2.98,9.27
4668.13,-0.55,-9.75,-0.55,-9.76,3.41,3.36,1.11,2.86,2.86,9.20
4714.81,-0.91,-10.04,-0.91,-10.04,3.67,3.65,1.12,2.76,2.76,9.14
4761.96,-1.25,-10.32,-1.25,-10.32,3.93,3.94,1.13,2.68,2.68,9.07
4809.58,-1.58,-10.58,-1.58,-10.59,4.19,4.23,1.14,2.60,2.60,9.00
4857.67,-1.90,-10.83,-1.90,-10.83,4.46,4.52,1.15,2.56,2.56,8.93
4906.25,-2.20,-11.06,-2.20,-11.05,4.74,4.80,1.16,2.54,2.54,8.86
4955.31,-2.50,-11.23,-2.50,-11.23,5.01,5.06,1.18,2.52,2.52,8.74
5004.87,-2.78,-11.37,-2.77,-11.38,5.26,5.32,1.19,2.49,2.49,8.60
5054.91,-3.04,-11.50,-3.04,-11.50,5.48,5.53,1.20,2.44,2.44,8.46
5105.46,-3.29,-11.61,-3.29,-11.62,5.67,5.73,1.21,2.38,2.38,8.32
5156.52,-3.53,-11.72,-3.53,-11.71,5.82,5.87,1.23,2.29,2.29,8.18
5208.08,-3.76,-11.80,-3.76,-11.77,5.93,5.99,1.24,2.17,2.17,8.05
5260.16,-3.97,-11.81,-3.97,-11.84,6.00,6.06,1.26,2.03,2.03,7.84
5312.77,-4.17,-11.88,-4.17,-11.89,6.04,6.10,1.28,1.87,1.87,7.71
5365.89,-4.36,-11.99,-4.36,-11.96,6.05,6.11,1.30,1.69,1.70,7.63
5419.55,-4.53,-12.03,-4.53,-12.04,6.04,6.10,1.32,1.51,1.51,7.49
5473.75,-4.70,-12.10,-4.69,-12.10,6.02,6.06,1.34,1.32,1.32,7.40
5528.49,-4.85,-12.17,-4.84,-12.14,6.00,6.02,1.36,1.15,1.16,7.32
5583.77,-4.98,-12.16,-4.97,-12.17,6.00,5.98,1.39,1.02,1.03,7.18
5639.61,-5.09,-12.19,-5.09,-12.19,6.00,5.94,1.42,0.91,0.91,7.10
5696.00,-5.20,-12.23,-5.18,-12.20,6.00,5.91,1.45,0.80,0.82,7.03
5752.96,-5.28,-12.24,-5.26,-12.22,6.00,5.89,1.48,0.72,0.74,6.96
5810.49,-5.35,-12.24,-5.33,-12.22,6.00,5.89,1.51,0.65,0.67,6.89
5868.60,-5.40,-12.25,-5.37,-12.23,6.00,5.91,1.54,0.60,0.63,6.85
5927.28,-5.44,-12.29,-5.40,-12.25,6.00,5.94,1.58,0.56,0.60,6.85
5986.56,-5.46,-12.31,-5.41,-12.25,6.00,5.99,1.62,0.54,0.59,6.85
6046.42,-5.47,-12.31,-5.40,-12.25,6.00,6.04,1.66,0.53,0.60,6.85
6106.89,-5.46,-12.31,-5.37,-12.23,6.00,6.11,1.70,0.54,0.63,6.85
6167.96,-5.43,-12.34,-5.32,-12.22,6.00,6.15,1.75,0.57,0.68,6.92
6229.64,-5.37,-12.36,-5.25,-12.19,6.02,6.20,1.80,0.65,0.78,6.99
6291.93,-5.30,-12.35,-5.14,-12.11,6.07,6.19,1.84,0.77,0.93,7.05
6354.85,-5.20,-12.25,-5.01,-11.99,6.11,6.18,1.89,0.91,1.10,7.05
6418.40,-5.08,-12.18,-4.85,-11.83,6.11,6.07,1.95,1.03,1.26,7.09
6482.58,-4.94,-12.10,-4.67,-11.63,6.06,5.95,2.00,1.12,1.39,7.16
6547.41,-4.76,-11.99,-4.46,-11.39,5.92,5.71,2.05,1.16,1.47,7.23
6612.88,-4.56,-11.81,-4.22,-11.07,5.70,5.45,2.11,1.14,1.48,7.25
6679.01,-4.32,-11.54,-3.97,-10.68,5.38,5.09,2.17,1.06,1.41,7.22
6745.80,-4.04,-11.19,-3.70,-10.22,4.96,4.71,2.22,0.93,1.26,7.16
6813.26,-3.73,-10.81,-3.43,-9.72,4.47,4.28,2.28,0.75,1.04,7.09
6881.39,-3.36,-10.35,-3.16,-9.19,3.92,3.83,2.34,0.56,0.76,6.99
6950.21,-2.94,-9.79,-2.90,-8.64,3.34,3.37,2.40,0.40,0.44,6.85
7019.71,-2.48,-9.13,-2.66,-8.10,2.75,2.91,2.45,0.27,0.10,6.65
7089.91,-1.96,-8.43,-2.42,-7.57,2.21,2.48,2.51,0.25,-0.22,6.47
7160.81,-1.35,-7.68,-2.21,-7.08,1.74,2.05,2.56,0.39,-0.47,6.33
7232.41,-0.69,-6.81,-2.01,-6.60,1.36,1.68,2.61,0.67,-0.65,6.12
7304.74,0.03,-5.88,-1.82,-6.15,1.04,1.31,2.66,1.07,-0.78,5.92
7377.79,0.85,-4.88,-1.65,-5.73,0.78,1.02,2.71,1.63,-0.87,5.72
7451.56,1.70,-3.88,-1.49,-5.33,0.58,0.74,2.75,2.28,-0.91,5.58
7526.08,2.59,-2.81,-1.34,-4.95,0.42,0.54,2.78,3.01,-0.92,5.40
7601.34,3.47,-1.74,-1.20,-4.59,0.30,0.34,2.82,3.77,-0.90,5.21
7677.35,4.27,-0.80,-1.07,-4.26,0.22,0.21,2.84,4.49,-0.86,5.07
7754.13,5.03,0.15,-0.95,-3.94,0.15,0.09,2.86,5.18,-0.80,4.88
7831.67,5.52,0.87,-0.84,-3.65,0.11,0.03,2.87,5.63,-0.73,4.64
7909.98,5.87,1.50,-0.73,-3.37,0.07,-0.04,2.88,5.94,-0.65,4.37
7989.08,5.98,1.95,-0.62,-3.11,0.05,-0.06,2.88,6.03,-0.57,4.03
8068.98,5.75,2.09,-0.51,-2.87,0.04,-0.08,2.87,5.78,-0.47,3.65
8149.67,5.34,2.10,-0.39,-2.62,0.02,-0.08,2.85,5.36,-0.37,3.24
8231.16,4.71,2.03,-0.27,-2.38,0.02,-0.08,2.83,4.73,-0.26,2.69
8313.47,3.92,1.74,-0.14,-2.13,0.01,-0.07,2.79,3.93,-0.13,2.17
8396.61,3.06,1.37,-0.01,-1.88,0.01,-0.06,2.76,3.06,0.00,1.68
8480.57,2.13,1.00,0.14,-1.62,0.00,-0.05,2.71,2.14,0.15,1.13
8565.38,1.23,0.65,0.30,-1.36,0.00,-0.03,2.66,1.23,0.30,0.58
8651.03,0.36,0.33,0.47,-1.10,0.00,-0.01,2.60,0.36,0.47,0.03
8737.54,-0.44,0.08,0.64,-0.84,0.00,0.00,2.54,-0.44,0.64,-0.52
8824.92,-1.16,-0.08,0.82,-0.59,0.00,0.02,2.47,-1.16,0.82,-1.07
8913.17,-1.77,-0.14,0.99,-0.36,0.00,0.03,2.40,-1.77,0.99,-1.62
9002.30,-2.34,-0.16,1.16,-0.15,-0.00,0.04,2.32,-2.34,1.16,-2.17
9092.32,-2.78,-0.11,1.32,0.05,-0.00,0.05,2.24,-2.78,1.32,-2.67
9183.25,-3.14,-0.02,1.47,0.23,-0.00,0.06,2.16,-3.14,1.47,-3.12
9275.08,-3.44,0.10,1.61,0.40,-0.00,0.07,2.07,-3.44,1.61,-3.54
9367.83,-3.65,0.23,1.74,0.55,-0.00,0.08,1.99,-3.65,1.74,-3.88
9461.51,-3.77,0.42,1.87,0.70,-0.00,0.08,1.90,-3.77,1.87,-4.19
9556.12,-3.81,0.65,2.00,0.85,-0.00,0.09,1.82,-3.81,2.00,-4.46
9651.68,-3.78,0.82,2.12,0.99,-0.00,0.09,1.73,-3.78,2.12,-4.60
9748.20,-3.67,1.03,2.24,1.12,-0.00,0.10,1.65,-3.67,2.24,-4.69
9845.68,-3.45,1.27,2.36,1.26,-0.00,0.10,1.56,-3.45,2.36,-4.72
9944.14,-3.15,1.37,2.48,1.39,-0.00,0.10,1.48,-3.15,2.48,-4.52
10043.58,-2.74,1.52,2.60,1.53,-0.00,0.10,1.40,-2.74,2.60,-4.26
10144.02,-2.25,1.72,2.52,1.57,-0.00,0.10,1.31,-2.25,2.52,-3.97
10245.46,-1.57,2.05,2.43,1.60,-0.00,0.10,1.23,-1.57,2.43,-3.62
10347.91,-0.81,2.41,2.33,1.62,-0.00,0.10,1.15,-0.81,2.33,-3.22
10451.39,0.06,2.88,2.22,1.64,-0.00,0.10,1.08,0.06,2.22,-2.81
10555.91,1.05,3.45,2.11,1.65,-0.00,0.10,1.00,1.05,2.11,-2.40
10661.46,2.04,4.02,1.99,1.65,-0.00,0.10,0.93,2.04,1.99,-1.98
10768.08,3.01,4.58,1.86,1.64,-0.00,0.10,0.85,3.01,1.86,-1.57
10875.76,3.83,4.99,1.72,1.63,-0.00,0.09,0.78,3.83,1.72,-1.16
10984.52,4.39,5.13,1.57,1.61,-0.00,0.09,0.71,4.39,1.57,-0.74
11094.36,4.73,5.02,1.42,1.58,-0.00,0.09,0.64,4.73,1.42,-0.29
11205.31,4.75,4.57,1.26,1.55,-0.00,0.09,0.57,4.75,1.26,0.18
11317.36,4.36,3.76,1.09,1.51,-0.00,0.09,0.50,4.36,1.09,0.60
11430.53,3.86,2.89,0.91,1.46,-0.00,0.08,0.43,3.86,0.91,0.97
11544.84,3.24,1.97,0.73,1.40,-0.00,0.08,0.37,3.24,0.73,1.27
11660.29,2.67,1.26,0.54,1.34,-0.00,0.08,0.30,2.67,0.54,1.41
11776.89,2.22,0.77,0.34,1.27,-0.00,0.08,0.23,2.22,0.34,1.45
11894.66,2.14,0.73,0.13,1.19,-0.00,0.08,0.17,2.14,0.13,1.41
12013.60,2.12,0.85,-0.09,1.10,-0.00,0.07,0.10,2.12,-0.09,1.27
12133.74,2.23,1.15,-0.31,1.01,-0.00,0.07,0.03,2.23,-0.31,1.08
12255.08,2.43,1.54,-0.54,0.91,-0.00,0.07,-0.03,2.43,-0.54,0.89
12377.63,2.67,1.91,-0.78,0.81,-0.00,0.07,-0.10,2.67,-0.78,0.76
12501.41,2.93,2.31,-1.03,0.69,-0.00,0.06,-0.17,2.93,-1.03,0.62
12626.42,3.26,2.81,-1.28,0.57,-0.00,0.06,-0.25,3.26,-1.28,0.45
12752.68,3.64,3.40,-1.55,0.44,-0.00,0.06,-0.32,3.64,-1.55,0.24
12880.21,4.01,3.97,-1.82,0.31,-0.00,0.06,-0.40,4.01,-1.82,0.03
13009.01,4.35,4.56,-2.10,0.17,-0.00,0.06,-0.47,4.35,-2.10,-0.21
13139.10,4.70,5.18,-2.38,0.02,0.00,0.05,-0.56,4.70,-2.38,-0.49
13270.49,4.69,5.45,-2.68,-0.14,0.00,0.05,-0.64,4.69,-2.68,-0.76
13403.20,4.52,5.52,-2.98,-0.30,0.00,0.05,-0.73,4.52,-2.98,-0.99
13537.23,3.89,5.06,-3.29,-0.47,0.00,0.05,-0.82,3.89,-3.29,-1.17
13672.60,3.04,4.28,-3.60,-0.65,0.00,0.04,-0.93,3.04,-3.60,-1.24
13809.33,1.97,3.23,-3.93,-0.84,0.00,0.04,-1.03,1.97,-3.93,-1.25
13947.42,0.65,1.86,-4.26,-1.03,0.00,0.04,-1.14,0.65,-4.26,-1.21
14086.90,-0.73,0.34,-4.60,-1.23,0.00,0.04,-1.26,-0.73,-4.60,-1.07
14227.77,-2.15,-1.39,-4.95,-1.44,0.00,0.04,-1.38,-2.15,-4.95,-0.75
14370.04,-3.48,-3.15,-5.31,-1.65,0.00,0.04,-1.51,-3.48,-5.31,-0.32
14513.74,-4.69,-4.91,-5.67,-1.87,0.00,0.03,-1.65,-4.69,-5.67,0.23
14658.88,-5.60,-6.51,-6.04,-2.10,0.00,0.03,-1.79,-5.60,-6.04,0.91
14805.47,-6.37,-7.90,-6.42,-2.34,0.00,0.03,-1.94,-6.37,-6.42,1.53
14953.52,-6.89,-8.95,-6.81,-2.58,0.00,0.03,-2.09,-6.89,-6.81,2.06
15103.06,-7.15,-9.42,-7.21,-2.83,0.00,0.03,-2.24,-7.15,-7.21,2.27
15254.09,-7.28,-9.29,-7.61,-3.09,0.00,0.03,-2.39,-7.28,-7.61,2.01
15406.63,-7.10,-8.53,-8.02,-3.35,0.00,0.03,-2.52,-7.10,-8.02,1.43
15560.70,-6.86,-7.52,-8.44,-3.62,0.00,0.02,-2.64,-6.86,-8.44,0.67
15716.30,-6.52,-6.38,-8.87,-3.90,0.00,0.02,-2.73,-6.52,-8.87,-0.14
15873.47,-6.27,-5.34,-9.30,-4.19,0.00,0.02,-2.79,-6.27,-9.30,-0.93
16032.20,-6.13,-4.51,-9.74,-4.48,0.00,0.02,-2.81,-6.13,-9.74,-1.62
16192.52,-6.29,-4.26,-10.19,-4.78,0.00,0.02,-2.79,-6.29,-10.19,-2.03
16354.45,-6.77,-4.50,-10.65,-5.09,0.00,0.02,-2.72,-6.77,-10.65,-2.28
16517.99,-7.49,-5.15,-11.12,-5.40,0.00,0.02,-2.62,-7.49,-11.12,-2.35
16683.17,-8.63,-6.15,-11.59,-5.73,0.00,0.02,-2.47,-8.63,-11.59,-2.48
16850.01,-9.94,-7.26,-12.07,-6.06,0.00,0.01,-2.31,-9.94,-12.07,-2.68
17018.51,-11.38,-8.42,-12.56,-6.39,0.00,0.01,-2.11,-11.38,-12.56,-2.95
17188.69,-12.88,-9.45,-13.06,-6.74,0.00,0.01,-1.92,-12.88,-13.06,-3.44
17360.58,-14.29,-10.00,-13.56,-7.09,0.00,0.01,-1.72,-14.29,-13.56,-4.30
17534.18,-15.60,-10.11,-14.07,-7.44,0.00,0.01,-1.53,-15.60,-14.07,-5.49
17709.53,-16.66,-9.79,-14.59,-7.81,0.00,0.01,-1.35,-16.66,-14.59,-6.87
17886.62,-17.46,-9.30,-15.12,-8.18,0.00,0.01,-1.18,-17.46,-15.12,-8.16
18065.49,-18.10,-8.75,-15.66,-8.56,0.00,0.01,-1.03,-18.10,-15.66,-9.36
18246.14,-18.62,-8.23,-16.20,-8.95,0.00,0.01,-0.89,-18.62,-16.20,-10.39
18428.60,-19.17,-7.90,-16.75,-9.34,0.00,0.01,-0.76,-19.17,-16.75,-11.27
18612.89,-19.90,-7.86,-17.31,-9.74,0.00,0.01,-0.65,-19.90,-17.31,-12.03
18799.02,-20.84,-8.19,-17.88,-10.15,0.00,0.01,-0.55,-20.84,-17.88,-12.65
18987.01,-22.09,-8.76,-18.45,-10.57,0.00,0.00,-0.47,-22.09,-18.45,-13.33
19176.88,-23.70,-9.46,-19.04,-10.99,0.00,0.00,-0.39,-23.70,-19.04,-14.24
19368.65,-25.49,-10.01,-19.63,-11.42,0.00,0.00,-0.33,-25.49,-19.63,-15.48
19562.33,-27.36,-11.33,-20.22,-11.86,0.00,0.00,-0.27,-27.36,-20.22,-16.03
19757.96,-29.21,-12.68,-20.83,-12.30,0.00,0.00,-0.21,-29.21,-20.83,-16.53
19955.54,-31.06,-14.02,-21.44,-12.75,0.00,0.00,-0.16,-31.06,-21.44,-17.04
