frequency,raw,error,smoothed,error_smoothed,equalization,parametric_eq,fixed_band_eq,equalized_raw,equalized_smoothed,target
20.00,16.00,7.47,16.00,7.49,-7.52,-6.73,-2.95,8.48,8.48,8.53
20.20,16.01,7.43,16.00,7.41,-7.40,-6.73,-3.03,8.61,8.60,8.58
20.40,16.00,7.34,15.99,7.32,-7.29,-6.73,-3.12,8.71,8.70,8.66
20.61,15.98,7.24,15.97,7.22,-7.19,-6.73,-3.21,8.79,8.79,8.73
20.81,15.93,7.06,15.93,7.09,-7.09,-6.73,-3.30,8.84,8.84,8.87
21.02,15.88,6.96,15.89,6.98,-6.99,-6.73,-3.39,8.89,8.89,8.93
21.23,15.84,6.90,15.84,6.88,-6.91,-6.72,-3.49,8.93,8.93,8.94
21.44,15.80,6.81,15.80,6.81,-6.83,-6.72,-3.59,8.98,8.98,8.99
21.66,15.78,6.73,15.78,6.73,-6.75,-6.72,-3.69,9.03,9.03,9.05
21.87,15.77,6.65,15.77,6.67,-6.68,-6.71,-3.79,9.09,9.09,9.12
22.09,15.76,6.63,15.76,6.63,-6.62,-6.71,-3.90,9.15,9.15,9.13
22.31,15.76,6.60,15.76,6.58,-6.56,-6.70,-4.01,9.21,9.21,9.17
22.54,15.77,6.53,15.77,6.53,-6.50,-6.70,-4.12,9.27,9.26,9.24
22.76,15.76,6.45,15.76,6.45,-6.44,-6.69,-4.24,9.32,9.32,9.32
22.99,15.76,6.38,15.76,6.39,-6.38,-6.69,-4.36,9.38,9.37,9.38
23.22,15.74,6.32,15.74,6.33,-6.32,-6.68,-4.48,9.42,9.42,9.43
23.45,15.73,6.31,15.73,6.28,-6.27,-6.67,-4.60,9.46,9.46,9.43
23.69,15.72,6.23,15.72,6.24,-6.23,-6.67,-4.73,9.49,9.49,9.49
23.92,15.72,6.19,15.72,6.21,-6.22,-6.66,-4.86,9.51,9.51,9.53
24.16,15.73,6.20,15.73,6.19,-6.22,-6.65,-4.99,9.50,9.50,9.53
24.40,15.74,6.22,15.74,6.22,-6.26,-6.64,-5.12,9.48,9.48,9.53
24.65,15.77,6.28,15.77,6.28,-6.33,-6.64,-5.26,9.44,9.44,9.49
24.89,15.79,6.36,15.79,6.38,-6.41,-6.63,-5.40,9.38,9.38,9.43
25.14,15.82,6.51,15.82,6.50,-6.51,-6.63,-5.54,9.30,9.30,9.31
25.39,15.84,6.64,15.83,6.63,-6.61,-6.62,-5.68,9.22,9.22,9.20
25.65,15.85,6.74,15.85,6.76,-6.71,-6.62,-5.82,9.14,9.14,9.10
25.91,15.85,6.88,15.85,6.86,-6.80,-6.62,-5.97,9.06,9.06,8.98
26.16,15.86,6.93,15.85,6.91,-6.87,-6.63,-6.11,8.99,8.99,8.93
26.43,15.85,6.93,15.85,6.94,-6.92,-6.63,-6.25,8.94,8.94,8.93
26.69,15.85,6.92,15.85,6.93,-6.95,-6.65,-6.39,8.90,8.90,8.93
26.96,15.85,6.93,15.85,6.93,-6.96,-6.67,-6.53,8.89,8.89,8.93
27.23,15.86,6.93,15.86,6.93,-6.96,-6.70,-6.67,8.90,8.90,8.93
27.50,15.87,6.94,15.87,6.95,-6.95,-6.74,-6.80,8.92,8.92,8.93
27.77,15.88,6.95,15.88,6.95,-6.93,-6.78,-6.93,8.95,8.95,8.93
28.05,15.89,6.95,15.89,6.93,-6.91,-6.83,-7.06,8.98,8.97,8.94
28.33,15.89,6.88,15.89,6.91,-6.89,-6.86,-7.18,9.00,9.00,9.01
28.62,15.90,6.87,15.89,6.86,-6.86,-6.89,-7.29,9.03,9.03,9.03
28.90,15.89,6.84,15.89,6.82,-6.83,-6.88,-7.40,9.06,9.06,9.05
29.19,15.89,6.76,15.89,6.79,-6.79,-6.87,-7.50,9.09,9.09,9.13
29.48,15.88,6.75,15.88,6.74,-6.75,-6.81,-7.58,9.13,9.13,9.13
29.78,15.88,6.71,15.88,6.70,-6.71,-6.76,-7.67,9.16,9.17,9.17
30.08,15.88,6.65,15.88,6.68,-6.67,-6.68,-7.73,9.21,9.21,9.23
30.38,15.88,6.65,15.88,6.63,-6.63,-6.61,-7.79,9.25,9.25,9.23
30.68,15.88,6.60,15.88,6.60,-6.58,-6.54,-7.83,9.29,9.29,9.27
30.99,15.87,6.54,15.86,6.56,-6.53,-6.48,-7.87,9.33,9.33,9.33
31.30,15.85,6.52,15.84,6.50,-6.48,-6.43,-7.89,9.36,9.36,9.33
31.61,15.82,6.44,15.82,6.43,-6.43,-6.39,-7.90,9.39,9.39,9.38
31.93,15.79,6.36,15.79,6.38,-6.38,-6.35,-7.89,9.41,9.41,9.43
32.24,15.76,6.33,15.76,6.33,-6.34,-6.32,-7.88,9.42,9.42,9.43
32.57,15.72,6.30,15.73,6.29,-6.31,-6.30,-7.85,9.41,9.42,9.43
32.89,15.70,6.27,15.70,6.27,-6.30,-6.28,-7.81,9.40,9.40,9.43
33.22,15.67,6.24,15.67,6.26,-6.29,-6.27,-7.76,9.37,9.37,9.42
33.55,15.64,6.28,15.63,6.27,-6.30,-6.25,-7.71,9.34,9.34,9.36
33.89,15.60,6.31,15.60,6.30,-6.30,-6.24,-7.64,9.29,9.29,9.29
34.23,15.56,6.33,15.56,6.34,-6.31,-6.22,-7.57,9.25,9.25,9.22
34.57,15.52,6.36,15.52,6.36,-6.31,-6.21,-7.49,9.20,9.21,9.15
34.92,15.48,6.36,15.48,6.35,-6.31,-6.20,-7.40,9.17,9.17,9.13
35.27,15.46,6.32,15.46,6.30,-6.30,-6.18,-7.31,9.16,9.16,9.14
35.62,15.44,6.23,15.44,6.25,-6.27,-6.17,-7.21,9.17,9.17,9.21
35.97,15.42,6.19,15.42,6.21,-6.23,-6.15,-7.11,9.19,9.19,9.23
36.33,15.41,6.18,15.41,6.18,-6.18,-6.14,-7.01,9.23,9.23,9.23
36.70,15.39,6.16,15.39,6.15,-6.12,-6.12,-6.91,9.27,9.27,9.23
37.06,15.37,6.09,15.37,6.09,-6.06,-6.10,-6.81,9.31,9.31,9.28
37.43,15.35,6.00,15.36,6.01,-6.01,-6.09,-6.70,9.34,9.34,9.35
37.81,15.34,5.92,15.34,5.94,-5.97,-6.07,-6.60,9.37,9.37,9.41
38.19,15.32,5.89,15.32,5.89,-5.93,-6.05,-6.50,9.39,9.39,9.43
38.57,15.30,5.88,15.30,5.87,-5.89,-6.03,-6.40,9.42,9.42,9.43
38.95,15.29,5.86,15.29,5.86,-5.85,-6.02,-6.30,9.43,9.43,9.43
39.34,15.27,5.84,15.27,5.84,-5.83,-6.00,-6.20,9.44,9.44,9.43
39.74,15.25,5.82,15.25,5.82,-5.81,-5.98,-6.10,9.44,9.44,9.43
40.14,15.23,5.80,15.23,5.80,-5.80,-5.95,-6.01,9.44,9.44,9.43
40.54,15.21,5.78,15.21,5.78,-5.79,-5.93,-5.92,9.43,9.42,9.43
40.94,15.19,5.76,15.19,5.76,-5.77,-5.91,-5.84,9.41,9.41,9.43
41.35,15.16,5.74,15.16,5.76,-5.77,-5.89,-5.76,9.40,9.40,9.42
41.76,15.13,5.78,15.13,5.77,-5.76,-5.87,-5.68,9.37,9.37,9.35
42.18,15.10,5.78,15.10,5.76,-5.76,-5.84,-5.60,9.34,9.34,9.33
42.60,15.08,5.75,15.08,5.75,-5.77,-5.82,-5.53,9.31,9.31,9.33
43.03,15.05,5.72,15.05,5.75,-5.77,-5.80,-5.46,9.28,9.29,9.33
43.46,15.03,5.76,15.03,5.76,-5.76,-5.77,-5.40,9.27,9.27,9.27
43.90,15.01,5.78,15.01,5.77,-5.75,-5.75,-5.34,9.26,9.26,9.23
44.33,14.99,5.76,14.99,5.77,-5.72,-5.72,-5.29,9.27,9.27,9.23
44.78,14.97,5.74,14.97,5.73,-5.69,-5.69,-5.24,9.27,9.27,9.23
45.23,14.95,5.69,14.95,5.68,-5.67,-5.67,-5.19,9.28,9.28,9.26
45.68,14.92,5.60,14.92,5.62,-5.64,-5.64,-5.14,9.28,9.28,9.32
46.13,14.90,5.57,14.90,5.56,-5.61,-5.61,-5.10,9.28,9.28,9.33
46.60,14.87,5.54,14.87,5.54,-5.59,-5.59,-5.07,9.28,9.28,9.33
47.06,14.84,5.53,14.85,5.55,-5.57,-5.56,-5.04,9.28,9.28,9.32
47.53,14.82,5.57,14.82,5.55,-5.55,-5.53,-5.01,9.27,9.27,9.25
48.01,14.79,5.57,14.79,5.56,-5.53,-5.50,-4.98,9.27,9.26,9.23
48.49,14.77,5.54,14.76,5.54,-5.51,-5.47,-4.96,9.26,9.26,9.23
48.97,14.73,5.50,14.73,5.51,-5.48,-5.43,-4.94,9.26,9.26,9.23
49.46,14.70,5.47,14.70,5.46,-5.44,-5.40,-4.93,9.26,9.26,9.23
49.96,14.66,5.41,14.66,5.39,-5.40,-5.37,-4.92,9.26,9.26,9.25
50.46,14.62,5.30,14.62,5.33,-5.34,-5.34,-4.91,9.28,9.28,9.32
50.96,14.59,5.26,14.59,5.27,-5.29,-5.30,-4.90,9.30,9.30,9.33
51.47,14.56,5.23,14.56,5.22,-5.24,-5.27,-4.89,9.32,9.32,9.33
51.99,14.53,5.20,14.53,5.20,-5.20,-5.23,-4.89,9.33,9.33,9.33
52.51,14.50,5.17,14.50,5.17,-5.16,-5.20,-4.89,9.33,9.33,9.33
53.03,14.46,5.14,14.46,5.13,-5.14,-5.16,-4.89,9.32,9.32,9.33
53.56,14.43,5.10,14.43,5.10,-5.12,-5.13,-4.89,9.31,9.31,9.33
54.10,14.39,5.07,14.39,5.08,-5.10,-5.09,-4.90,9.30,9.30,9.33
54.64,14.36,5.07,14.36,5.08,-5.07,-5.05,-4.90,9.29,9.29,9.29
55.18,14.32,5.10,14.32,5.08,-5.04,-5.01,-4.90,9.28,9.28,9.23
55.74,14.29,5.06,14.29,5.04,-5.01,-4.98,-4.91,9.28,9.28,9.23
56.29,14.26,4.98,14.26,4.98,-4.97,-4.94,-4.91,9.29,9.29,9.28
56.86,14.22,4.90,14.22,4.91,-4.93,-4.90,-4.91,9.29,9.29,9.33
57.42,14.19,4.86,14.19,4.86,-4.89,-4.86,-4.91,9.30,9.30,9.33
58.00,14.16,4.83,14.16,4.82,-4.85,-4.82,-4.91,9.31,9.31,9.33
58.58,14.12,4.79,14.12,4.79,-4.80,-4.79,-4.91,9.32,9.32,9.33
59.16,14.09,4.76,14.09,4.76,-4.75,-4.75,-4.91,9.33,9.33,9.33
59.76,14.05,4.72,14.05,4.73,-4.70,-4.72,-4.91,9.35,9.35,9.33
60.35,14.01,4.69,14.01,4.69,-4.66,-4.68,-4.90,9.36,9.36,9.33
60.96,13.98,4.65,13.98,4.62,-4.61,-4.65,-4.89,9.37,9.37,9.33
61.57,13.94,4.54,13.94,4.55,-4.55,-4.62,-4.87,9.39,9.39,9.40
62.18,13.90,4.47,13.90,4.48,-4.49,-4.59,-4.86,9.40,9.40,9.43
62.80,13.86,4.43,13.86,4.43,-4.44,-4.56,-4.84,9.42,9.42,9.43
63.43,13.82,4.39,13.82,4.39,-4.39,-4.53,-4.82,9.43,9.43,9.43
64.07,13.78,4.35,13.78,4.35,-4.35,-4.51,-4.79,9.43,9.43,9.43
64.71,13.74,4.31,13.74,4.31,-4.32,-4.49,-4.77,9.42,9.42,9.43
65.35,13.70,4.28,13.70,4.29,-4.31,-4.47,-4.74,9.39,9.39,9.43
66.01,13.66,4.29,13.66,4.29,-4.32,-4.45,-4.71,9.35,9.34,9.38
66.67,13.62,4.31,13.62,4.31,-4.33,-4.43,-4.67,9.29,9.29,9.31
67.33,13.58,4.35,13.58,4.34,-4.35,-4.42,-4.63,9.24,9.24,9.24
68.01,13.54,4.37,13.54,4.38,-4.36,-4.41,-4.60,9.18,9.18,9.17
68.69,13.50,4.40,13.50,4.40,-4.37,-4.39,-4.56,9.13,9.13,9.10
69.37,13.46,4.43,13.46,4.41,-4.37,-4.38,-4.51,9.09,9.09,9.03
70.07,13.41,4.39,13.41,4.39,-4.36,-4.37,-4.47,9.05,9.05,9.03
70.77,13.37,4.35,13.37,4.35,-4.34,-4.36,-4.43,9.03,9.03,9.03
71.48,13.33,4.30,13.33,4.30,-4.32,-4.35,-4.38,9.02,9.02,9.03
72.19,13.29,4.26,13.29,4.25,-4.28,-4.34,-4.34,9.01,9.01,9.03
72.91,13.24,4.22,13.24,4.22,-4.25,-4.33,-4.30,9.00,9.00,9.03
73.64,13.20,4.19,13.20,4.20,-4.21,-4.32,-4.25,8.99,8.99,9.01
74.38,13.16,4.21,13.16,4.19,-4.19,-4.31,-4.21,8.97,8.97,8.95
75.12,13.11,4.18,13.11,4.17,-4.16,-4.30,-4.17,8.95,8.95,8.93
75.87,13.07,4.14,13.07,4.14,-4.14,-4.29,-4.13,8.93,8.93,8.93
76.63,13.02,4.10,13.02,4.12,-4.11,-4.28,-4.09,8.91,8.91,8.93
77.40,12.98,4.11,12.98,4.10,-4.10,-4.27,-4.05,8.88,8.88,8.87
78.17,12.93,4.11,12.93,4.08,-4.08,-4.25,-4.02,8.85,8.85,8.83
78.95,12.89,4.06,12.89,4.05,-4.07,-4.24,-3.98,8.82,8.82,8.83
79.74,12.84,4.01,12.84,4.04,-4.05,-4.23,-3.95,8.79,8.79,8.83
80.54,12.79,4.02,12.79,4.05,-4.04,-4.22,-3.92,8.75,8.75,8.77
81.35,12.74,4.11,12.74,4.06,-4.05,-4.21,-3.89,8.70,8.70,8.64
82.16,12.69,4.06,12.69,4.07,-4.06,-4.19,-3.87,8.64,8.64,8.63
82.98,12.64,4.05,12.64,4.06,-4.07,-4.18,-3.84,8.57,8.57,8.60
83.81,12.59,4.06,12.59,4.06,-4.10,-4.17,-3.82,8.49,8.49,8.53
84.65,12.54,4.08,12.54,4.10,-4.13,-4.15,-3.81,8.41,8.41,8.46
85.50,12.49,4.15,12.49,4.16,-4.16,-4.14,-3.79,8.33,8.33,8.34
86.35,12.44,4.23,12.44,4.21,-4.18,-4.13,-3.78,8.26,8.26,8.22
87.22,12.40,4.25,12.40,4.23,-4.20,-4.11,-3.77,8.20,8.20,8.15
88.09,12.35,4.22,12.35,4.23,-4.21,-4.10,-3.77,8.14,8.14,8.13
88.97,12.30,4.20,12.30,4.22,-4.20,-4.09,-3.76,8.10,8.10,8.11
89.86,12.25,4.21,12.25,4.20,-4.18,-4.07,-3.76,8.07,8.07,8.04
90.76,12.20,4.17,12.20,4.17,-4.15,-4.06,-3.76,8.05,8.05,8.03
91.66,12.14,4.11,12.14,4.12,-4.11,-4.05,-3.77,8.03,8.03,8.03
92.58,12.09,4.06,12.09,4.05,-4.08,-4.03,-3.78,8.01,8.01,8.03
93.51,12.03,4.00,12.03,4.01,-4.05,-4.02,-3.79,7.98,7.98,8.03
94.44,11.98,3.98,11.98,4.00,-4.03,-4.01,-3.80,7.95,7.95,8.00
95.39,11.93,4.00,11.93,4.00,-4.02,-4.00,-3.81,7.92,7.92,7.93
96.34,11.89,4.03,11.89,4.01,-4.01,-3.98,-3.83,7.88,7.88,7.86
97.30,11.85,4.02,11.85,4.01,-4.01,-3.97,-3.85,7.84,7.84,7.83
98.28,11.81,3.99,11.81,4.01,-4.00,-3.96,-3.87,7.81,7.81,7.82
99.26,11.77,4.02,11.77,4.02,-4.00,-3.94,-3.90,7.77,7.77,7.75
100.25,11.71,4.03,11.71,4.02,-3.99,-3.93,-3.92,7.72,7.72,7.68
101.25,11.65,4.02,11.65,4.00,-3.98,-3.92,-3.95,7.67,7.67,7.63
102.27,11.58,3.95,11.58,3.96,-3.96,-3.91,-3.98,7.61,7.61,7.63
103.29,11.50,3.90,11.50,3.92,-3.94,-3.90,-4.01,7.56,7.56,7.60
104.32,11.43,3.92,11.43,3.90,-3.93,-3.89,-4.04,7.50,7.50,7.51
105.37,11.36,3.90,11.36,3.91,-3.91,-3.87,-4.07,7.45,7.45,7.46
106.42,11.30,3.91,11.30,3.90,-3.90,-3.86,-4.11,7.39,7.39,7.39
107.48,11.24,3.91,11.24,3.89,-3.90,-3.85,-4.14,7.34,7.34,7.33
108.56,11.18,3.85,11.18,3.90,-3.90,-3.84,-4.17,7.28,7.28,7.33
109.64,11.12,3.92,11.12,3.90,-3.91,-3.83,-4.20,7.22,7.22,7.20
110.74,11.06,3.94,11.06,3.91,-3.91,-3.82,-4.23,7.16,7.16,7.13
111.85,11.01,3.88,11.01,3.92,-3.91,-3.81,-4.27,7.10,7.10,7.13
112.97,10.94,3.91,10.94,3.91,-3.90,-3.80,-4.29,7.05,7.05,7.03
114.10,10.88,3.91,10.88,3.90,-3.89,-3.79,-4.32,7.00,7.00,6.97
115.24,10.82,3.89,10.82,3.88,-3.87,-3.79,-4.34,6.95,6.95,6.93
116.39,10.76,3.83,10.76,3.85,-3.85,-3.78,-4.37,6.91,6.91,6.93
117.55,10.70,3.82,10.70,3.82,-3.82,-3.77,-4.38,6.88,6.88,6.87
118.73,10.63,3.80,10.63,3.78,-3.79,-3.76,-4.40,6.84,6.84,6.83
119.92,10.57,3.74,10.57,3.76,-3.77,-3.75,-4.41,6.80,6.80,6.83
121.12,10.51,3.73,10.51,3.74,-3.75,-3.75,-4.42,6.75,6.75,6.77
122.33,10.44,3.73,10.44,3.72,-3.74,-3.74,-4.43,6.71,6.71,6.71
123.55,10.38,3.73,10.38,3.71,-3.72,-3.73,-4.43,6.66,6.66,6.65
124.79,10.32,3.69,10.31,3.72,-3.71,-3.73,-4.42,6.61,6.61,6.63
126.03,10.25,3.72,10.25,3.72,-3.70,-3.72,-4.42,6.55,6.55,6.52
127.29,10.18,3.75,10.18,3.71,-3.70,-3.71,-4.41,6.48,6.48,6.43
128.57,10.12,3.69,10.12,3.70,-3.70,-3.71,-4.39,6.41,6.41,6.43
129.85,10.05,3.67,10.05,3.68,-3.71,-3.70,-4.37,6.34,6.34,6.39
131.15,9.99,3.68,9.99,3.69,-3.72,-3.70,-4.35,6.26,6.26,6.31
132.46,9.93,3.75,9.93,3.73,-3.74,-3.69,-4.32,6.19,6.19,6.18
133.79,9.87,3.78,9.87,3.77,-3.75,-3.69,-4.30,6.11,6.11,6.09
135.12,9.81,3.79,9.81,3.79,-3.77,-3.68,-4.26,6.04,6.04,6.02
136.48,9.75,3.79,9.75,3.80,-3.78,-3.68,-4.23,5.97,5.97,5.95
137.84,9.69,3.80,9.69,3.80,-3.80,-3.67,-4.19,5.89,5.89,5.89
139.22,9.62,3.81,9.62,3.81,-3.81,-3.67,-4.15,5.82,5.82,5.82
140.61,9.56,3.82,9.56,3.82,-3.82,-3.66,-4.11,5.75,5.75,5.75
142.02,9.50,3.83,9.50,3.81,-3.82,-3.66,-4.07,5.68,5.68,5.68
143.44,9.44,3.82,9.45,3.80,-3.83,-3.66,-4.03,5.62,5.62,5.63
144.87,9.39,3.76,9.39,3.81,-3.82,-3.65,-3.98,5.56,5.56,5.63
146.32,9.32,3.83,9.32,3.83,-3.82,-3.65,-3.94,5.51,5.51,5.50
147.78,9.26,3.87,9.26,3.84,-3.81,-3.64,-3.90,5.45,5.45,5.39
149.26,9.18,3.85,9.18,3.84,-3.80,-3.64,-3.85,5.38,5.38,5.33
150.75,9.10,3.77,9.10,3.79,-3.78,-3.64,-3.81,5.32,5.32,5.33
152.26,9.02,3.73,9.02,3.74,-3.76,-3.63,-3.77,5.25,5.26,5.29
153.78,8.94,3.70,8.94,3.71,-3.74,-3.63,-3.72,5.20,5.20,5.24
155.32,8.86,3.70,8.86,3.71,-3.71,-3.63,-3.68,5.15,5.15,5.16
156.88,8.78,3.70,8.78,3.69,-3.67,-3.62,-3.64,5.11,5.11,5.08
158.44,8.71,3.68,8.71,3.66,-3.64,-3.62,-3.61,5.07,5.07,5.03
160.03,8.63,3.60,8.63,3.62,-3.61,-3.62,-3.57,5.02,5.02,5.03
161.63,8.55,3.57,8.55,3.58,-3.58,-3.62,-3.54,4.97,4.96,4.97
163.24,8.47,3.55,8.47,3.56,-3.56,-3.61,-3.51,4.91,4.91,4.92
164.88,8.40,3.56,8.40,3.53,-3.54,-3.61,-3.48,4.85,4.86,4.83
166.53,8.34,3.51,8.34,3.51,-3.53,-3.60,-3.45,4.81,4.81,4.83
168.19,8.29,3.48,8.29,3.51,-3.53,-3.60,-3.43,4.76,4.76,4.82
169.87,8.26,3.53,8.26,3.53,-3.54,-3.60,-3.40,4.72,4.72,4.73
171.57,8.24,3.60,8.24,3.56,-3.56,-3.59,-3.38,4.68,4.68,4.65
173.29,8.23,3.60,8.23,3.60,-3.59,-3.59,-3.37,4.64,4.64,4.63
175.02,8.22,3.60,8.22,3.63,-3.62,-3.59,-3.35,4.60,4.60,4.63
176.77,8.20,3.66,8.20,3.65,-3.65,-3.58,-3.34,4.55,4.55,4.54
178.54,8.17,3.70,8.17,3.69,-3.68,-3.58,-3.33,4.49,4.49,4.48
180.32,8.14,3.72,8.13,3.72,-3.71,-3.57,-3.32,4.42,4.42,4.42
182.13,8.09,3.73,8.09,3.73,-3.73,-3.57,-3.32,4.35,4.35,4.36
183.95,8.03,3.75,8.03,3.75,-3.75,-3.56,-3.32,4.28,4.28,4.28
185.79,7.96,3.76,7.97,3.76,-3.76,-3.55,-3.32,4.21,4.21,4.20
187.65,7.90,3.76,7.90,3.76,-3.76,-3.55,-3.32,4.14,4.14,4.14
189.52,7.83,3.75,7.83,3.76,-3.76,-3.54,-3.33,4.08,4.08,4.08
191.42,7.76,3.75,7.76,3.75,-3.74,-3.53,-3.33,4.02,4.02,4.01
193.33,7.69,3.74,7.69,3.73,-3.72,-3.53,-3.34,3.97,3.97,3.95
195.27,7.62,3.69,7.62,3.70,-3.69,-3.52,-3.35,3.93,3.93,3.93
197.22,7.55,3.66,7.55,3.67,-3.66,-3.51,-3.37,3.88,3.89,3.89
199.19,7.48,3.65,7.48,3.62,-3.63,-3.50,-3.38,3.84,3.84,3.83
201.18,7.40,3.58,7.40,3.59,-3.61,-3.49,-3.40,3.80,3.80,3.83
203.19,7.33,3.54,7.33,3.56,-3.58,-3.48,-3.42,3.75,3.75,3.79
205.23,7.26,3.54,7.26,3.54,-3.55,-3.47,-3.44,3.71,3.71,3.72
207.28,7.19,3.54,7.19,3.54,-3.53,-3.46,-3.46,3.66,3.66,3.65
209.35,7.12,3.54,7.12,3.53,-3.51,-3.45,-3.48,3.61,3.61,3.58
211.44,7.05,3.52,7.05,3.50,-3.50,-3.44,-3.50,3.56,3.56,3.53
213.56,6.98,3.45,6.98,3.47,-3.48,-3.43,-3.52,3.50,3.50,3.53
215.69,6.91,3.44,6.91,3.45,-3.46,-3.41,-3.54,3.46,3.46,3.47
217.85,6.84,3.44,6.84,3.44,-3.43,-3.40,-3.56,3.41,3.41,3.40
220.03,6.77,3.45,6.77,3.42,-3.41,-3.38,-3.58,3.36,3.36,3.33
222.23,6.70,3.38,6.70,3.38,-3.38,-3.37,-3.59,3.32,3.32,3.33
224.45,6.63,3.32,6.63,3.35,-3.35,-3.35,-3.61,3.28,3.28,3.31
226.70,6.56,3.33,6.56,3.33,-3.33,-3.34,-3.62,3.24,3.24,3.24
228.96,6.49,3.33,6.49,3.31,-3.30,-3.32,-3.63,3.19,3.19,3.16
231.25,6.42,3.30,6.42,3.28,-3.28,-3.30,-3.64,3.14,3.14,3.13
233.57,6.35,3.23,6.36,3.25,-3.26,-3.28,-3.65,3.09,3.09,3.13
235.90,6.29,3.22,6.29,3.23,-3.25,-3.26,-3.65,3.04,3.04,3.06
238.26,6.22,3.23,6.22,3.23,-3.23,-3.24,-3.65,2.99,2.99,2.99
240.64,6.15,3.24,6.15,3.23,-3.21,-3.22,-3.64,2.93,2.93,2.91
243.05,6.08,3.23,6.08,3.21,-3.20,-3.20,-3.64,2.88,2.88,2.85
245.48,6.01,3.18,6.01,3.18,-3.18,-3.18,-3.62,2.83,2.83,2.83
247.93,5.94,3.13,5.94,3.15,-3.16,-3.15,-3.60,2.78,2.78,2.80
250.41,5.87,3.13,5.87,3.13,-3.14,-3.13,-3.58,2.73,2.73,2.74
252.92,5.80,3.12,5.80,3.11,-3.11,-3.10,-3.56,2.69,2.69,2.68
255.45,5.73,3.10,5.73,3.09,-3.08,-3.08,-3.52,2.65,2.65,2.63
258.00,5.66,3.04,5.66,3.06,-3.05,-3.05,-3.49,2.61,2.61,2.63
260.58,5.60,3.03,5.60,3.02,-3.02,-3.02,-3.45,2.57,2.57,2.56
263.19,5.53,3.00,5.53,2.99,-2.99,-3.00,-3.40,2.54,2.54,2.53
265.82,5.46,2.93,5.46,2.96,-2.96,-2.97,-3.36,2.51,2.51,2.53
268.48,5.39,2.93,5.39,2.92,-2.92,-2.94,-3.30,2.48,2.48,2.47
271.16,5.32,2.90,5.33,2.88,-2.88,-2.91,-3.25,2.44,2.44,2.43
273.87,5.26,2.83,5.26,2.85,-2.85,-2.88,-3.19,2.41,2.41,2.43
276.61,5.19,2.82,5.19,2.81,-2.82,-2.84,-3.13,2.37,2.37,2.36
279.38,5.12,2.79,5.12,2.77,-2.79,-2.81,-3.06,2.33,2.33,2.33
282.17,5.05,2.72,5.05,2.75,-2.76,-2.78,-3.00,2.29,2.29,2.32
284.99,4.98,2.72,4.98,2.73,-2.73,-2.74,-2.93,2.24,2.24,2.25
287.84,4.91,2.73,4.91,2.71,-2.71,-2.71,-2.86,2.20,2.20,2.18
290.72,4.84,2.72,4.84,2.70,-2.68,-2.67,-2.79,2.16,2.16,2.13
293.63,4.78,2.65,4.78,2.68,-2.66,-2.63,-2.71,2.12,2.12,2.13
296.57,4.71,2.65,4.71,2.64,-2.64,-2.59,-2.64,2.08,2.08,2.06
299.53,4.65,2.62,4.65,2.60,-2.62,-2.55,-2.56,2.03,2.03,2.03
302.53,4.58,2.55,4.58,2.58,-2.59,-2.52,-2.49,1.99,1.99,2.03
305.55,4.51,2.55,4.51,2.56,-2.57,-2.48,-2.41,1.94,1.94,1.96
308.61,4.44,2.55,4.44,2.54,-2.54,-2.43,-2.34,1.90,1.90,1.90
311.69,4.37,2.54,4.37,2.52,-2.51,-2.39,-2.26,1.86,1.86,1.83
314.81,4.31,2.48,4.31,2.50,-2.48,-2.35,-2.19,1.82,1.82,1.83
317.96,4.24,2.45,4.24,2.46,-2.45,-2.31,-2.11,1.79,1.79,1.79
321.14,4.17,2.45,4.17,2.42,-2.42,-2.26,-2.04,1.76,1.76,1.73
324.35,4.11,2.38,4.11,2.37,-2.38,-2.22,-1.96,1.73,1.73,1.73
327.59,4.04,2.31,4.04,2.33,-2.34,-2.17,-1.89,1.70,1.70,1.73
330.87,3.97,2.26,3.97,2.28,-2.29,-2.13,-1.82,1.68,1.68,1.71
334.18,3.90,2.26,3.90,2.24,-2.24,-2.08,-1.75,1.67,1.67,1.64
337.52,3.84,2.21,3.84,2.20,-2.18,-2.03,-1.68,1.66,1.66,1.63
340.90,3.77,2.14,3.77,2.15,-2.12,-1.99,-1.61,1.64,1.64,1.63
344.30,3.70,2.07,3.70,2.07,-2.07,-1.94,-1.54,1.63,1.63,1.63
347.75,3.63,2.01,3.63,2.00,-2.02,-1.89,-1.48,1.61,1.61,1.63
351.23,3.57,1.94,3.57,1.94,-1.97,-1.84,-1.41,1.60,1.60,1.63
354.74,3.51,1.88,3.51,1.90,-1.92,-1.79,-1.35,1.59,1.59,1.63
358.28,3.44,1.88,3.44,1.87,-1.87,-1.74,-1.28,1.57,1.57,1.56
361.87,3.38,1.85,3.38,1.84,-1.82,-1.68,-1.22,1.56,1.56,1.53
365.49,3.32,1.79,3.32,1.79,-1.77,-1.63,-1.16,1.55,1.55,1.53
369.14,3.26,1.73,3.26,1.73,-1.72,-1.58,-1.10,1.53,1.53,1.53
372.83,3.20,1.67,3.20,1.67,-1.67,-1.53,-1.04,1.52,1.52,1.53
376.56,3.14,1.61,3.14,1.61,-1.62,-1.47,-0.98,1.52,1.52,1.53
380.33,3.08,1.56,3.08,1.56,-1.56,-1.42,-0.92,1.52,1.52,1.53
384.13,3.03,1.50,3.03,1.50,-1.50,-1.36,-0.87,1.52,1.52,1.53
387.97,2.97,1.44,2.97,1.44,-1.44,-1.31,-0.81,1.53,1.53,1.53
391.85,2.92,1.39,2.92,1.39,-1.39,-1.25,-0.76,1.53,1.53,1.53
395.77,2.86,1.33,2.86,1.33,-1.33,-1.20,-0.70,1.53,1.53,1.53
399.73,2.80,1.27,2.80,1.27,-1.27,-1.14,-0.65,1.53,1.53,1.53
403.72,2.74,1.21,2.74,1.21,-1.21,-1.08,-0.60,1.53,1.53,1.53
407.76,2.68,1.15,2.68,1.15,-1.15,-1.03,-0.55,1.53,1.53,1.53
411.84,2.62,1.09,2.62,1.09,-1.09,-0.97,-0.50,1.53,1.53,1.53
415.96,2.55,1.03,2.55,1.03,-1.03,-0.91,-0.45,1.53,1.53,1.53
420.12,2.49,0.96,2.49,0.97,-0.97,-0.85,-0.40,1.53,1.53,1.53
424.32,2.43,0.90,2.43,0.90,-0.91,-0.79,-0.35,1.52,1.52,1.53
428.56,2.37,0.84,2.37,0.84,-0.85,-0.73,-0.30,1.52,1.52,1.53
432.85,2.31,0.78,2.31,0.78,-0.79,-0.67,-0.25,1.52,1.52,1.53
437.18,2.25,0.72,2.25,0.72,-0.73,-0.61,-0.20,1.52,1.52,1.53
441.55,2.19,0.67,2.19,0.67,-0.66,-0.55,-0.16,1.53,1.53,1.53
445.96,2.13,0.61,2.13,0.61,-0.59,-0.49,-0.11,1.54,1.54,1.53
450.42,2.08,0.55,2.08,0.54,-0.52,-0.43,-0.07,1.56,1.56,1.53
454.93,2.02,0.47,2.02,0.45,-0.45,-0.37,-0.02,1.57,1.57,1.54
459.48,1.96,0.34,1.96,0.36,-0.38,-0.31,0.02,1.58,1.58,1.62
464.07,1.90,0.27,1.90,0.28,-0.31,-0.24,0.07,1.59,1.59,1.63
468.71,1.84,0.21,1.84,0.21,-0.23,-0.18,0.11,1.61,1.61,1.63
473.40,1.79,0.16,1.79,0.16,-0.16,-0.12,0.15,1.63,1.63,1.63
478.13,1.73,0.10,1.73,0.11,-0.09,-0.05,0.19,1.64,1.64,1.63
482.91,1.67,0.04,1.67,0.04,-0.01,0.01,0.24,1.65,1.65,1.63
487.74,1.61,-0.02,1.61,-0.04,0.05,0.07,0.28,1.66,1.67,1.63
492.62,1.55,-0.14,1.55,-0.13,0.12,0.14,0.32,1.68,1.68,1.69
497.55,1.50,-0.23,1.50,-0.22,0.20,0.20,0.36,1.69,1.69,1.73
502.52,1.44,-0.29,1.44,-0.29,0.27,0.27,0.40,1.71,1.71,1.73
507.55,1.38,-0.35,1.38,-0.35,0.35,0.33,0.44,1.73,1.73,1.73
512.62,1.32,-0.41,1.32,-0.41,0.43,0.40,0.48,1.75,1.75,1.73
517.75,1.26,-0.48,1.26,-0.50,0.51,0.46,0.52,1.77,1.77,1.74
522.93,1.20,-0.61,1.20,-0.59,0.59,0.53,0.56,1.79,1.79,1.81
528.16,1.14,-0.69,1.14,-0.67,0.67,0.60,0.60,1.81,1.81,1.83
533.44,1.08,-0.75,1.08,-0.75,0.75,0.67,0.64,1.83,1.83,1.83
538.77,1.02,-0.81,1.02,-0.83,0.83,0.73,0.68,1.85,1.85,1.83
544.16,0.96,-0.92,0.96,-0.92,0.91,0.80,0.73,1.88,1.88,1.89
549.60,0.91,-1.02,0.91,-1.01,0.99,0.87,0.77,1.89,1.89,1.93
555.10,0.85,-1.08,0.85,-1.08,1.06,0.94,0.81,1.91,1.91,1.93
560.65,0.80,-1.13,0.80,-1.13,1.13,1.01,0.85,1.93,1.93,1.93
566.25,0.75,-1.18,0.75,-1.18,1.20,1.07,0.89,1.95,1.95,1.93
571.92,0.69,-1.23,0.69,-1.26,1.27,1.14,0.93,1.97,1.97,1.93
577.64,0.65,-1.35,0.64,-1.34,1.34,1.21,0.98,1.99,1.99,2.00
583.41,0.60,-1.43,0.60,-1.41,1.41,1.28,1.02,2.01,2.01,2.03
589.25,0.55,-1.48,0.55,-1.48,1.48,1.35,1.07,2.03,2.03,2.03
595.14,0.50,-1.53,0.50,-1.55,1.55,1.42,1.11,2.05,2.05,2.03
601.09,0.46,-1.62,0.46,-1.62,1.62,1.49,1.16,2.07,2.07,2.07
607.10,0.41,-1.72,0.41,-1.69,1.69,1.56,1.21,2.10,2.10,2.13
613.17,0.37,-1.76,0.37,-1.76,1.76,1.63,1.25,2.12,2.12,2.13
619.30,0.33,-1.80,0.33,-1.82,1.83,1.70,1.30,2.15,2.15,2.13
625.50,0.28,-1.87,0.28,-1.88,1.90,1.77,1.35,2.18,2.18,2.16
631.75,0.24,-1.98,0.24,-1.95,1.96,1.85,1.41,2.21,2.21,2.23
638.07,0.20,-2.02,0.20,-2.03,2.03,1.92,1.46,2.23,2.23,2.23
644.45,0.17,-2.09,0.17,-2.11,2.09,1.99,1.51,2.26,2.26,2.26
650.89,0.13,-2.20,0.13,-2.17,2.16,2.06,1.57,2.29,2.29,2.33
657.40,0.09,-2.23,0.09,-2.23,2.22,2.13,1.63,2.32,2.32,2.33
663.98,0.06,-2.27,0.06,-2.28,2.29,2.19,1.68,2.35,2.34,2.33
670.62,0.02,-2.31,0.02,-2.33,2.35,2.26,1.74,2.37,2.37,2.33
677.32,-0.01,-2.41,-0.01,-2.39,2.41,2.33,1.80,2.40,2.40,2.40
684.10,-0.05,-2.47,-0.05,-2.47,2.47,2.40,1.87,2.42,2.42,2.43
690.94,-0.08,-2.52,-0.08,-2.54,2.53,2.47,1.93,2.45,2.45,2.44
697.85,-0.11,-2.62,-0.11,-2.60,2.59,2.53,2.00,2.47,2.48,2.51
704.83,-0.14,-2.67,-0.14,-2.66,2.65,2.60,2.07,2.50,2.50,2.53
711.87,-0.17,-2.70,-0.17,-2.70,2.70,2.66,2.14,2.53,2.53,2.53
718.99,-0.20,-2.73,-0.20,-2.75,2.76,2.72,2.21,2.56,2.56,2.53
726.18,-0.23,-2.81,-0.23,-2.80,2.82,2.78,2.28,2.59,2.59,2.58
733.44,-0.25,-2.88,-0.25,-2.86,2.87,2.84,2.35,2.62,2.62,2.63
740.78,-0.27,-2.90,-0.27,-2.93,2.93,2.90,2.43,2.65,2.65,2.63
748.19,-0.30,-2.99,-0.30,-2.98,2.98,2.95,2.51,2.68,2.68,2.69
755.67,-0.32,-3.05,-0.32,-3.03,3.03,3.01,2.59,2.71,2.71,2.73
763.23,-0.34,-3.07,-0.34,-3.10,3.08,3.06,2.67,2.74,2.74,2.73
770.86,-0.35,-3.15,-0.35,-3.14,3.13,3.11,2.75,2.77,2.77,2.80
778.57,-0.37,-3.20,-0.37,-3.18,3.17,3.16,2.83,2.80,2.80,2.83
786.35,-0.38,-3.21,-0.38,-3.21,3.22,3.21,2.92,2.83,2.83,2.83
794.22,-0.39,-3.22,-0.39,-3.24,3.26,3.26,3.00,2.87,2.87,2.83
802.16,-0.40,-3.28,-0.40,-3.29,3.31,3.30,3.09,2.90,2.90,2.87
810.18,-0.41,-3.35,-0.41,-3.35,3.35,3.34,3.17,2.94,2.94,2.95
818.28,-0.41,-3.43,-0.41,-3.41,3.40,3.39,3.26,2.98,2.98,3.01
826.46,-0.42,-3.45,-0.42,-3.45,3.44,3.43,3.35,3.03,3.03,3.03
834.73,-0.42,-3.47,-0.42,-3.49,3.49,3.46,3.44,3.07,3.07,3.05
843.08,-0.42,-3.54,-0.42,-3.54,3.54,3.50,3.52,3.12,3.12,3.12
851.51,-0.42,-3.61,-0.42,-3.59,3.58,3.54,3.61,3.16,3.16,3.19
860.02,-0.41,-3.64,-0.41,-3.63,3.63,3.57,3.69,3.21,3.21,3.23
868.62,-0.40,-3.63,-0.40,-3.65,3.67,3.61,3.78,3.26,3.26,3.23
877.31,-0.39,-3.68,-0.39,-3.69,3.71,3.64,3.86,3.31,3.31,3.29
886.08,-0.38,-3.74,-0.38,-3.74,3.74,3.67,3.94,3.36,3.36,3.36
894.94,-0.36,-3.79,-0.36,-3.80,3.77,3.71,4.02,3.42,3.42,3.44
903.89,-0.34,-3.84,-0.34,-3.83,3.81,3.74,4.09,3.47,3.47,3.50
912.93,-0.32,-3.85,-0.32,-3.84,3.84,3.77,4.16,3.52,3.52,3.53
922.06,-0.30,-3.83,-0.30,-3.85,3.86,3.80,4.23,3.57,3.57,3.54
931.28,-0.27,-3.88,-0.27,-3.87,3.89,3.82,4.29,3.62,3.62,3.61
940.59,-0.24,-3.91,-0.24,-3.91,3.92,3.85,4.35,3.68,3.68,3.68
950.00,-0.21,-3.95,-0.21,-3.95,3.94,3.88,4.41,3.73,3.73,3.74
959.50,-0.17,-3.99,-0.17,-3.96,3.96,3.91,4.45,3.79,3.79,3.82
969.09,-0.13,-3.96,-0.13,-3.97,3.98,3.93,4.50,3.85,3.85,3.83
978.78,-0.09,-3.97,-0.09,-4.00,4.01,3.96,4.53,3.91,3.91,3.88
988.57,-0.05,-4.06,-0.05,-4.04,4.03,3.98,4.56,3.98,3.98,4.01
998.46,-0.01,-4.10,-0.01,-4.07,4.06,4.01,4.59,4.05,4.06,4.09
1008.44,0.04,-4.09,0.04,-4.08,4.09,4.03,4.61,4.13,4.13,4.13
1018.53,0.09,-4.04,0.09,-4.09,4.11,4.06,4.62,4.20,4.20,4.13
1028.71,0.14,-4.13,0.14,-4.12,4.13,4.08,4.63,4.27,4.27,4.27
1039.00,0.19,-4.18,0.19,-4.16,4.15,4.10,4.63,4.34,4.33,4.37
1049.39,0.24,-4.19,0.24,-4.20,4.16,4.12,4.63,4.40,4.40,4.44
1059.88,0.30,-4.20,0.30,-4.18,4.17,4.14,4.61,4.47,4.47,4.50
1070.48,0.36,-4.17,0.36,-4.17,4.19,4.16,4.60,4.55,4.55,4.53
1081.19,0.41,-4.14,0.41,-4.18,4.21,4.18,4.58,4.62,4.62,4.56
1092.00,0.47,-4.22,0.47,-4.20,4.22,4.20,4.56,4.69,4.69,4.69
1102.92,0.53,-4.24,0.53,-4.23,4.23,4.22,4.53,4.76,4.76,4.78
1113.95,0.59,-4.25,0.59,-4.26,4.24,4.24,4.51,4.83,4.83,4.85
1125.09,0.65,-4.26,0.65,-4.26,4.25,4.25,4.47,4.91,4.91,4.92
1136.34,0.72,-4.27,0.72,-4.27,4.27,4.27,4.44,4.99,4.99,4.99
1147.70,0.78,-4.28,0.78,-4.28,4.29,4.28,4.40,5.06,5.06,5.06
1159.18,0.84,-4.29,0.84,-4.29,4.30,4.30,4.37,5.13,5.13,5.12
1170.77,0.90,-4.29,0.90,-4.29,4.30,4.31,4.33,5.20,5.20,5.19
1182.48,0.96,-4.30,0.96,-4.31,4.30,4.32,4.29,5.25,5.25,5.26
1194.30,1.02,-4.31,1.02,-4.32,4.29,4.34,4.25,5.31,5.31,5.33
1206.25,1.08,-4.32,1.08,-4.31,4.29,4.35,4.21,5.36,5.36,5.40
1218.31,1.14,-4.29,1.14,-4.29,4.28,4.36,4.18,5.42,5.42,5.43
1230.49,1.19,-4.24,1.19,-4.26,4.28,4.37,4.14,5.47,5.47,5.44
1242.80,1.25,-4.25,1.25,-4.25,4.28,4.37,4.10,5.53,5.53,5.50
1255.22,1.31,-4.26,1.31,-4.26,4.28,4.38,4.07,5.59,5.59,5.57
1267.78,1.37,-4.28,1.37,-4.28,4.28,4.39,4.04,5.65,5.65,5.64
1280.45,1.42,-4.29,1.42,-4.29,4.28,4.39,4.01,5.71,5.71,5.71
1293.26,1.48,-4.30,1.48,-4.31,4.29,4.40,3.98,5.77,5.77,5.78
1306.19,1.54,-4.31,1.54,-4.32,4.29,4.40,3.96,5.83,5.83,5.85
1319.25,1.59,-4.33,1.59,-4.31,4.30,4.41,3.94,5.89,5.89,5.92
1332.45,1.64,-4.28,1.64,-4.29,4.30,4.41,3.91,5.94,5.94,5.93
1345.77,1.70,-4.26,1.70,-4.27,4.30,4.41,3.90,5.99,6.00,5.96
1359.23,1.75,-4.27,1.75,-4.27,4.29,4.41,3.88,6.05,6.04,6.02
1372.82,1.81,-4.29,1.81,-4.29,4.29,4.41,3.87,6.09,6.09,6.10
1386.55,1.86,-4.30,1.86,-4.30,4.28,4.41,3.86,6.14,6.14,6.17
1400.41,1.92,-4.31,1.92,-4.29,4.28,4.41,3.86,6.19,6.19,6.23
1414.42,1.97,-4.26,1.97,-4.27,4.27,4.41,3.86,6.24,6.24,6.23
1428.56,2.03,-4.24,2.03,-4.26,4.26,4.40,3.86,6.29,6.29,6.27
1442.85,2.08,-4.26,2.08,-4.26,4.25,4.40,3.86,6.33,6.33,6.34
1457.28,2.14,-4.27,2.14,-4.25,4.25,4.39,3.87,6.38,6.38,6.41
1471.85,2.19,-4.24,2.19,-4.24,4.24,4.39,3.88,6.43,6.43,6.43
1486.57,2.25,-4.20,2.25,-4.22,4.23,4.38,3.90,6.48,6.48,6.44
1501.43,2.30,-4.21,2.30,-4.21,4.23,4.38,3.91,6.53,6.53,6.52
1516.45,2.36,-4.23,2.36,-4.22,4.23,4.37,3.93,6.59,6.59,6.58
1531.61,2.41,-4.24,2.41,-4.24,4.23,4.36,3.95,6.64,6.64,6.65
1546.93,2.47,-4.25,2.47,-4.26,4.23,4.35,3.98,6.70,6.70,6.72
1562.40,2.53,-4.26,2.53,-4.24,4.24,4.34,4.00,6.77,6.77,6.79
1578.02,2.59,-4.24,2.59,-4.23,4.24,4.33,4.03,6.83,6.83,6.83
1593.80,2.65,-4.18,2.65,-4.23,4.25,4.32,4.06,6.90,6.90,6.83
1609.74,2.71,-4.25,2.71,-4.25,4.25,4.31,4.10,6.96,6.96,6.97
1625.84,2.78,-4.29,2.78,-4.26,4.25,4.30,4.13,7.02,7.02,7.07
1642.10,2.85,-4.28,2.85,-4.26,4.24,4.29,4.17,7.09,7.09,7.13
1658.52,2.92,-4.21,2.92,-4.25,4.24,4.28,4.20,7.16,7.16,7.13
1675.10,3.00,-4.22,3.00,-4.23,4.24,4.27,4.24,7.24,7.24,7.22
1691.85,3.08,-4.26,3.08,-4.23,4.25,4.25,4.28,7.33,7.33,7.34
1708.77,3.17,-4.24,3.17,-4.24,4.25,4.24,4.32,7.41,7.41,7.41
1725.86,3.26,-4.22,3.26,-4.24,4.24,4.23,4.35,7.50,7.50,7.48
1743.12,3.35,-4.22,3.34,-4.24,4.24,4.22,4.39,7.59,7.59,7.57
1760.55,3.43,-4.28,3.43,-4.25,4.24,4.20,4.43,7.67,7.67,7.71
1778.15,3.52,-4.27,3.52,-4.26,4.24,4.19,4.46,7.76,7.76,7.79
1795.94,3.61,-4.25,3.61,-4.25,4.25,4.18,4.49,7.85,7.85,7.85
1813.90,3.69,-4.23,3.69,-4.23,4.24,4.16,4.52,7.94,7.94,7.92
1832.03,3.78,-4.21,3.78,-4.23,4.24,4.15,4.55,8.02,8.02,7.99
1850.36,3.87,-4.23,3.87,-4.24,4.25,4.14,4.57,8.11,8.11,8.10
1868.86,3.96,-4.27,3.96,-4.25,4.25,4.13,4.58,8.20,8.20,8.23
1887.55,4.05,-4.25,4.05,-4.25,4.24,4.11,4.60,8.29,8.29,8.30
1906.42,4.14,-4.23,4.14,-4.24,4.24,4.10,4.60,8.38,8.38,8.37
1925.49,4.24,-4.21,4.24,-4.23,4.23,4.09,4.61,8.47,8.47,8.45
1944.74,4.34,-4.25,4.34,-4.24,4.22,4.08,4.60,8.55,8.55,8.58
1964.19,4.43,-4.24,4.43,-4.22,4.20,4.06,4.59,8.63,8.63,8.68
1983.83,4.54,-4.19,4.54,-4.18,4.17,4.05,4.58,8.71,8.71,8.73
2003.67,4.64,-4.09,4.64,-4.13,4.15,4.04,4.56,8.78,8.78,8.73
2023.71,4.74,-4.10,4.74,-4.10,4.12,4.03,4.53,8.86,8.86,8.84
2043.94,4.85,-4.11,4.85,-4.08,4.09,4.02,4.49,8.94,8.94,8.95
2064.38,4.95,-4.07,4.95,-4.07,4.06,4.01,4.46,9.01,9.01,9.02
2085.03,5.06,-4.03,5.06,-4.03,4.03,3.99,4.41,9.09,9.09,9.09
2105.88,5.17,-3.99,5.17,-4.00,4.00,3.98,4.36,9.16,9.16,9.16
2126.94,5.27,-3.95,5.27,-3.98,3.97,3.97,4.30,9.24,9.24,9.23
2148.20,5.38,-3.98,5.38,-3.95,3.94,3.95,4.24,9.32,9.32,9.36
2169.69,5.49,-3.93,5.49,-3.91,3.91,3.94,4.17,9.40,9.40,9.43
2191.38,5.60,-3.83,5.60,-3.86,3.87,3.92,4.10,9.47,9.47,9.43
2213.30,5.71,-3.79,5.71,-3.82,3.83,3.91,4.02,9.54,9.54,9.50
2235.43,5.82,-3.80,5.82,-3.79,3.79,3.89,3.94,9.61,9.61,9.62
2257.78,5.93,-3.80,5.93,-3.76,3.74,3.87,3.85,9.67,9.67,9.73
2280.36,6.03,-3.69,6.03,-3.72,3.69,3.85,3.77,9.72,9.72,9.73
2303.17,6.14,-3.64,6.14,-3.64,3.64,3.82,3.68,9.78,9.78,9.78
2326.20,6.24,-3.59,6.24,-3.56,3.59,3.79,3.59,9.83,9.83,9.83
2349.46,6.34,-3.49,6.34,-3.53,3.55,3.76,3.50,9.89,9.89,9.83
2372.95,6.44,-3.50,6.44,-3.49,3.50,3.72,3.40,9.94,9.94,9.94
2396.68,6.54,-3.49,6.54,-3.45,3.46,3.68,3.31,9.99,9.99,10.03
2420.65,6.63,-3.40,6.63,-3.42,3.41,3.64,3.21,10.04,10.04,10.03
2444.86,6.72,-3.37,6.72,-3.38,3.38,3.59,3.12,10.10,10.10,10.09
2469.31,6.81,-3.35,6.81,-3.34,3.34,3.54,3.02,10.15,10.15,10.16
2494.00,6.89,-3.33,6.89,-3.31,3.30,3.48,2.93,10.20,10.20,10.23
2518.94,6.98,-3.25,6.98,-3.27,3.27,3.42,2.84,10.24,10.24,10.23
2544.13,7.06,-3.21,7.06,-3.22,3.23,3.35,2.74,10.29,10.29,10.27
2569.57,7.13,-3.20,7.13,-3.17,3.19,3.27,2.65,10.33,10.33,10.33
2595.27,7.21,-3.12,7.21,-3.14,3.15,3.19,2.56,10.36,10.36,10.33
2621.22,7.28,-3.09,7.28,-3.10,3.11,3.10,2.47,10.39,10.39,10.37
2647.43,7.35,-3.08,7.35,-3.06,3.06,3.01,2.38,10.41,10.41,10.43
2673.90,7.42,-3.01,7.42,-3.02,2.99,2.91,2.29,10.41,10.41,10.43
2700.64,7.49,-2.94,7.49,-2.94,2.92,2.80,2.20,10.41,10.41,10.43
2727.65,7.56,-2.85,7.56,-2.84,2.83,2.69,2.11,10.38,10.38,10.41
2754.93,7.63,-2.71,7.63,-2.72,2.72,2.57,2.03,10.35,10.35,10.34
2782.48,7.69,-2.57,7.69,-2.59,2.59,2.44,1.95,10.29,10.29,10.27
2810.30,7.76,-2.44,7.76,-2.44,2.45,2.31,1.87,10.21,10.21,10.20
2838.40,7.83,-2.31,7.83,-2.29,2.28,2.17,1.78,10.11,10.11,10.13
2866.79,7.89,-2.11,7.89,-2.11,2.10,2.02,1.71,9.99,9.99,10.00
2895.46,7.95,-1.91,7.95,-1.92,1.90,1.86,1.63,9.86,9.86,9.86
2924.41,8.02,-1.71,8.02,-1.71,1.70,1.69,1.55,9.71,9.71,9.72
2953.65,8.08,-1.50,8.08,-1.48,1.48,1.51,1.48,9.56,9.56,9.58
2983.19,8.15,-1.25,8.15,-1.24,1.24,1.33,1.40,9.40,9.40,9.40
3013.02,8.23,-0.97,8.23,-0.99,1.00,1.13,1.33,9.23,9.23,9.20
3043.15,8.32,-0.75,8.32,-0.75,0.75,0.93,1.26,9.07,9.07,9.07
3073.58,8.41,-0.52,8.41,-0.52,0.51,0.71,1.19,8.92,8.92,8.93
3104.32,8.50,-0.29,8.50,-0.29,0.27,0.49,1.12,8.77,8.77,8.80
3135.36,8.59,-0.07,8.59,-0.04,0.04,0.26,1.06,8.63,8.63,8.66
3166.72,8.66,0.20,8.66,0.19,-0.17,0.03,0.99,8.49,8.49,8.46
3198.38,8.73,0.43,8.73,0.39,-0.37,-0.20,0.93,8.36,8.36,8.30
3230.37,8.78,0.55,8.78,0.55,-0.54,-0.43,0.86,8.24,8.24,8.24
3262.67,8.82,0.66,8.82,0.68,-0.68,-0.64,0.80,8.14,8.14,8.17
3295.30,8.85,0.78,8.85,0.80,-0.80,-0.83,0.74,8.06,8.05,8.07
3328.25,8.86,0.94,8.87,0.89,-0.87,-0.99,0.68,7.99,7.99,7.93
3361.53,8.87,0.94,8.87,0.95,-0.92,-1.11,0.62,7.95,7.95,7.93
3395.15,8.87,0.94,8.87,0.96,-0.95,-1.19,0.57,7.92,7.92,7.93
3429.10,8.86,0.93,8.86,0.94,-0.95,-1.23,0.51,7.92,7.92,7.93
3463.39,8.85,0.92,8.85,0.91,-0.92,-1.22,0.46,7.93,7.93,7.93
3498.03,8.84,0.86,8.84,0.86,-0.88,-1.18,0.41,7.96,7.96,7.97
3533.01,8.82,0.79,8.82,0.82,-0.82,-1.10,0.36,8.00,8.00,8.03
3568.34,8.80,0.77,8.80,0.76,-0.74,-0.99,0.31,8.06,8.06,8.03
3604.02,8.77,0.69,8.77,0.67,-0.65,-0.87,0.26,8.12,8.12,8.08
3640.06,8.74,0.58,8.74,0.56,-0.56,-0.73,0.21,8.18,8.18,8.17
3676.46,8.71,0.40,8.71,0.45,-0.46,-0.60,0.17,8.25,8.25,8.31
3713.22,8.67,0.34,8.67,0.34,-0.35,-0.46,0.12,8.32,8.32,8.33
3750.36,8.63,0.27,8.63,0.25,-0.24,-0.33,0.08,8.39,8.39,8.35
3787.86,8.58,0.15,8.58,0.15,-0.13,-0.21,0.04,8.44,8.45,8.42
3825.74,8.52,0.03,8.52,0.04,-0.03,-0.09,0.01,8.49,8.49,8.49
3864.00,8.46,-0.07,8.46,-0.07,0.06,0.01,-0.03,8.52,8.51,8.53
3902.64,8.39,-0.14,8.39,-0.15,0.13,0.11,-0.06,8.52,8.52,8.53
3941.66,8.31,-0.22,8.31,-0.22,0.19,0.19,-0.09,8.50,8.50,8.53
3981.08,8.23,-0.26,8.23,-0.26,0.23,0.27,-0.12,8.46,8.46,8.49
4020.89,8.13,-0.28,8.14,-0.26,0.26,0.33,-0.15,8.39,8.39,8.41
4061.10,8.04,-0.23,8.04,-0.24,0.25,0.39,-0.18,8.29,8.29,8.27
4101.71,7.93,-0.21,7.93,-0.23,0.23,0.44,-0.20,8.16,8.16,8.13
4142.73,7.81,-0.20,7.81,-0.22,0.20,0.48,-0.22,8.01,8.01,8.01
4184.15,7.69,-0.25,7.69,-0.18,0.16,0.52,-0.24,7.85,7.85,7.94
4226.00,7.55,-0.11,7.55,-0.11,0.12,0.55,-0.26,7.67,7.67,7.66
4268.26,7.41,0.03,7.41,-0.03,0.07,0.58,-0.28,7.48,7.48,7.38
4310.94,7.26,0.01,7.26,0.04,0.01,0.60,-0.29,7.27,7.27,7.24
4354.05,7.10,0.05,7.10,0.03,-0.04,0.62,-0.31,7.05,7.05,7.05
4397.59,6.92,0.05,6.93,0.04,-0.10,0.64,-0.32,6.83,6.83,6.87
4441.56,6.75,0.02,6.75,0.11,-0.15,0.65,-0.33,6.60,6.60,6.73
4485.98,6.56,0.23,6.56,0.19,-0.18,0.66,-0.34,6.38,6.38,6.33
4530.84,6.37,0.32,6.37,0.25,-0.21,0.66,-0.35,6.16,6.16,6.06
4576.15,6.18,0.26,6.18,0.27,-0.23,0.67,-0.36,5.95,5.95,5.92
4621.91,5.98,0.20,5.98,0.25,-0.24,0.67,-0.37,5.74,5.74,5.78
4668.13,5.78,0.22,5.78,0.23,-0.24,0.67,-0.37,5.54,5.54,5.56
4714.81,5.58,0.27,5.58,0.23,-0.23,0.67,-0.38,5.35,5.35,5.31
4761.96,5.37,0.20,5.37,0.20,-0.20,0.66,-0.39,5.17,5.17,5.17
4809.58,5.16,0.13,5.16,0.15,-0.15,0.66,-0.40,5.01,5.01,5.03
4857.67,4.96,0.08,4.96,0.10,-0.11,0.65,-0.40,4.85,4.85,4.87
4906.25,4.75,0.08,4.75,0.07,-0.06,0.64,-0.41,4.69,4.69,4.67
4955.31,4.55,0.03,4.55,0.03,-0.01,0.64,-0.42,4.53,4.53,4.52
5004.87,4.35,-0.03,4.35,-0.03,0.03,0.63,-0.42,4.38,4.38,4.38
5054.91,4.15,-0.09,4.15,-0.09,0.08,0.61,-0.43,4.23,4.23,4.24
5105.46,3.96,-0.15,3.96,-0.13,0.11,0.60,-0.44,4.07,4.07,4.10
5156.52,3.77,-0.17,3.77,-0.15,0.14,0.59,-0.45,3.91,3.91,3.93
5208.08,3.58,-0.14,3.59,-0.17,0.16,0.58,-0.46,3.74,3.75,3.73
5260.16,3.41,-0.18,3.41,-0.19,0.18,0.56,-0.47,3.59,3.59,3.59
5312.77,3.24,-0.21,3.24,-0.20,0.19,0.55,-0.48,3.43,3.43,3.45
5365.89,3.08,-0.23,3.08,-0.20,0.20,0.53,-0.49,3.28,3.29,3.31
5419.55,2.93,-0.17,2.93,-0.20,0.22,0.52,-0.50,3.15,3.15,3.10
5473.75,2.78,-0.20,2.79,-0.21,0.24,0.50,-0.51,3.02,3.03,2.98
5528.49,2.65,-0.27,2.66,-0.25,0.26,0.48,-0.52,2.91,2.92,2.91
5583.77,2.53,-0.32,2.54,-0.31,0.30,0.46,-0.54,2.82,2.83,2.85
5639.61,2.42,-0.36,2.43,-0.35,0.33,0.44,-0.55,2.75,2.76,2.78
5696.00,2.31,-0.40,2.33,-0.38,0.38,0.42,-0.57,2.69,2.71,2.71
5752.96,2.23,-0.41,2.25,-0.42,0.43,0.40,-0.58,2.66,2.68,2.64
5810.49,2.15,-0.48,2.18,-0.46,0.48,0.37,-0.60,2.63,2.66,2.63
5868.60,2.09,-0.53,2.13,-0.51,0.53,0.35,-0.62,2.62,2.66,2.63
5927.28,2.05,-0.58,2.10,-0.57,0.57,0.32,-0.64,2.61,2.67,2.63
5986.56,2.02,-0.67,2.09,-0.62,0.60,0.30,-0.66,2.62,2.69,2.69
6046.42,2.01,-0.72,2.10,-0.65,0.63,0.27,-0.68,2.64,2.73,2.73
6106.89,2.02,-0.71,2.14,-0.64,0.64,0.24,-0.70,2.66,2.78,2.73
6167.96,2.04,-0.68,2.21,-0.62,0.64,0.20,-0.73,2.68,2.84,2.73
6229.64,2.09,-0.72,2.30,-0.61,0.61,0.17,-0.75,2.70,2.92,2.81
6291.93,2.16,-0.78,2.44,-0.59,0.57,0.13,-0.78,2.73,3.00,2.94
6354.85,2.26,-0.74,2.60,-0.54,0.50,0.09,-0.80,2.76,3.10,3.01
6418.40,2.38,-0.70,2.81,-0.42,0.41,0.04,-0.83,2.79,3.22,3.08
6482.58,2.52,-0.62,3.05,-0.29,0.31,-0.01,-0.86,2.83,3.36,3.14
6547.41,2.70,-0.51,3.34,-0.17,0.18,-0.07,-0.89,2.88,3.51,3.21
6612.88,2.90,-0.54,3.65,-0.04,0.03,-0.13,-0.91,2.93,3.68,3.44
6679.01,3.14,-0.53,4.00,0.12,-0.14,-0.20,-0.94,3.00,3.86,3.67
6745.80,3.42,-0.39,4.37,0.31,-0.32,-0.27,-0.97,3.10,4.05,3.81
6813.26,3.73,-0.22,4.74,0.51,-0.51,-0.36,-1.00,3.22,4.23,3.95
6881.39,4.09,-0.11,5.11,0.71,-0.71,-0.45,-1.03,3.39,4.41,4.21
6950.21,4.51,-0.11,5.45,0.90,-0.90,-0.56,-1.06,3.61,4.55,4.62
7019.71,4.97,0.14,5.76,1.10,-1.10,-0.68,-1.09,3.87,4.67,4.83
7089.91,5.49,0.42,6.03,1.30,-1.28,-0.83,-1.11,4.21,4.74,5.07
7160.81,6.09,0.73,6.24,1.47,-1.46,-0.98,-1.14,4.64,4.78,5.36
7232.41,6.76,0.99,6.40,1.62,-1.61,-1.16,-1.16,5.15,4.79,5.78
7304.74,7.50,1.39,6.51,1.76,-1.75,-1.35,-1.18,5.74,4.76,6.10
7377.79,8.33,1.97,6.58,1.87,-1.87,-1.57,-1.20,6.46,4.71,6.36
7451.56,9.24,2.67,6.61,1.98,-1.97,-1.79,-1.22,7.27,4.64,6.57
7526.08,10.19,3.47,6.61,2.05,-2.05,-2.01,-1.23,8.15,4.57,6.73
7601.34,11.19,4.30,6.59,2.11,-2.10,-2.23,-1.24,9.08,4.49,6.88
7677.35,12.14,5.05,6.55,2.15,-2.15,-2.39,-1.25,10.00,4.41,7.09
7754.13,13.07,5.89,6.50,2.17,-2.17,-2.55,-1.25,10.90,4.32,7.18
7831.67,13.79,6.56,6.44,2.18,-2.19,-2.56,-1.24,11.60,4.25,7.23
7909.98,14.36,7.14,6.37,2.19,-2.19,-2.58,-1.24,12.17,4.18,7.23
7989.08,14.71,7.67,6.30,2.18,-2.19,-2.44,-1.23,12.52,4.11,7.04
8068.98,14.69,7.82,6.23,2.16,-2.17,-2.30,-1.21,12.52,4.05,6.86
8149.67,14.46,7.73,6.16,2.14,-2.15,-2.09,-1.19,12.31,4.01,6.72
8231.16,13.97,7.45,6.09,2.12,-2.12,-1.88,-1.16,11.85,3.97,6.52
8313.47,13.26,7.10,6.02,2.09,-2.08,-1.66,-1.13,11.17,3.94,6.16
8396.61,12.45,6.76,5.95,2.04,-2.03,-1.44,-1.09,10.42,3.91,5.70
8480.57,11.55,6.13,5.87,1.98,-1.97,-1.26,-1.05,9.57,3.89,5.42
8565.38,10.65,5.46,5.79,1.91,-1.91,-1.08,-1.01,8.75,3.88,5.19
8651.03,9.79,4.82,5.70,1.83,-1.83,-0.94,-0.96,7.96,3.88,4.97
8737.54,8.98,4.29,5.61,1.74,-1.74,-0.80,-0.90,7.24,3.87,4.69
8824.92,8.27,4.01,5.51,1.64,-1.64,-0.69,-0.84,6.63,3.88,4.26
8913.17,7.67,3.80,5.41,1.53,-1.53,-0.59,-0.79,6.13,3.88,3.86
9002.30,7.10,3.44,5.30,1.42,-1.42,-0.51,-0.72,5.68,3.88,3.66
9092.32,6.65,3.20,5.19,1.31,-1.31,-0.43,-0.66,5.34,3.88,3.45
9183.25,6.26,3.07,5.07,1.19,-1.19,-0.38,-0.59,5.07,3.88,3.19
9275.08,5.91,3.07,4.94,1.07,-1.07,-0.32,-0.52,4.84,3.87,2.84
9367.83,5.60,2.91,4.81,0.95,-0.94,-0.28,-0.45,4.66,3.86,2.70
9461.51,5.32,2.77,4.66,0.82,-0.82,-0.23,-0.37,4.50,3.84,2.56
9556.12,5.05,2.63,4.52,0.70,-0.70,-0.20,-0.30,4.35,3.82,2.42
9651.68,4.77,2.42,4.37,0.58,-0.59,-0.17,-0.22,4.19,3.78,2.36
9748.20,4.48,2.20,4.22,0.46,-0.47,-0.14,-0.15,4.01,3.74,2.29
9845.68,4.15,1.92,4.06,0.35,-0.37,-0.12,-0.07,3.79,3.69,2.23
9944.14,3.78,1.56,3.90,0.26,-0.27,-0.10,0.01,3.52,3.64,2.23
10043.58,3.36,1.09,3.74,0.17,-0.17,-0.08,0.09,3.19,3.57,2.28
10144.02,2.90,0.53,3.53,0.08,-0.08,-0.07,0.16,2.83,3.45,2.38
10245.46,2.37,-0.21,3.31,-0.01,0.02,-0.05,0.24,2.39,3.33,2.59
10347.91,1.81,-0.87,3.08,-0.11,0.11,-0.04,0.33,1.92,3.19,2.68
10451.39,1.22,-1.55,2.84,-0.21,0.21,-0.03,0.41,1.43,3.05,2.78
10555.91,0.62,-2.30,2.60,-0.31,0.31,-0.02,0.49,0.92,2.91,2.91
10661.46,0.04,-3.07,2.35,-0.41,0.41,-0.01,0.57,0.45,2.76,3.11
10768.08,-0.51,-3.77,2.09,-0.52,0.52,-0.01,0.66,0.01,2.61,3.26
10875.76,-1.00,-4.32,1.83,-0.63,0.63,0.00,0.74,-0.37,2.46,3.33
10984.52,-1.46,-4.78,1.56,-0.74,0.74,0.01,0.83,-0.71,2.30,3.33
11094.36,-1.91,-5.20,1.28,-0.86,0.86,0.01,0.92,-1.05,2.14,3.29
11205.31,-2.36,-5.56,0.99,-0.98,0.98,0.01,1.01,-1.38,1.97,3.20
11317.36,-2.81,-5.74,0.70,-1.10,1.10,0.02,1.10,-1.71,1.80,2.93
11430.53,-3.26,-5.91,0.40,-1.22,1.22,0.02,1.20,-2.04,1.62,2.65
11544.84,-3.68,-6.04,0.09,-1.35,1.35,0.02,1.30,-2.32,1.44,2.37
11660.29,-4.05,-6.07,-0.22,-1.48,1.48,0.03,1.40,-2.57,1.26,2.02
11776.89,-4.40,-5.82,-0.55,-1.61,1.61,0.03,1.50,-2.78,1.07,1.42
11894.66,-4.63,-5.46,-0.88,-1.75,1.75,0.03,1.62,-2.88,0.87,0.83
12013.60,-4.84,-5.33,-1.21,-1.89,1.89,0.03,1.73,-2.95,0.68,0.49
12133.74,-4.99,-5.07,-1.56,-2.03,2.03,0.03,1.85,-2.96,0.47,0.08
12255.08,-5.05,-4.59,-1.91,-2.17,2.17,0.03,1.97,-2.87,0.27,-0.46
12377.63,-5.05,-3.83,-2.27,-2.32,2.32,0.03,2.11,-2.73,0.06,-1.22
12501.41,-5.01,-3.42,-2.63,-2.47,2.47,0.03,2.24,-2.54,-0.16,-1.59
12626.42,-4.90,-2.97,-3.00,-2.62,2.62,0.03,2.39,-2.28,-0.38,-1.94
12752.68,-4.78,-2.50,-3.38,-2.78,2.78,0.03,2.54,-2.00,-0.60,-2.28
12880.21,-4.69,-2.14,-3.77,-2.94,2.94,0.03,2.70,-1.76,-0.83,-2.55
13009.01,-4.64,-1.73,-4.17,-3.10,3.10,0.03,2.87,-1.54,-1.07,-2.91
13139.10,-4.58,-1.28,-4.57,-3.26,3.26,0.03,3.06,-1.31,-1.30,-3.30
13270.49,-4.72,-1.21,-4.98,-3.43,3.43,0.03,3.25,-1.29,-1.55,-3.50
13403.20,-4.93,-1.32,-5.39,-3.60,3.60,0.03,3.47,-1.33,-1.79,-3.62
13537.23,-5.37,-1.67,-5.82,-3.77,3.77,0.03,3.69,-1.60,-2.04,-3.70
13672.60,-5.89,-2.05,-6.25,-3.95,3.95,0.03,3.93,-1.94,-2.30,-3.84
13809.33,-6.50,-2.62,-6.68,-4.13,4.13,0.03,4.19,-2.37,-2.56,-3.87
13947.42,-7.14,-3.26,-7.13,-4.31,4.31,0.03,4.47,-2.83,-2.82,-3.87
14086.90,-7.73,-3.86,-7.58,-4.49,4.49,0.03,4.76,-3.24,-3.09,-3.87
14227.77,-8.31,-4.55,-8.04,-4.68,4.68,0.03,5.08,-3.62,-3.36,-3.75
14370.04,-8.88,-5.29,-8.51,-4.87,4.89,0.03,5.42,-3.99,-3.62,-3.59
14513.74,-9.45,-6.07,-8.98,-5.06,5.10,0.03,5.79,-4.35,-3.89,-3.38
14658.88,-10.07,-6.90,-9.46,-5.26,5.30,0.02,6.18,-4.78,-4.17,-3.17
14805.47,-10.70,-7.70,-9.95,-5.46,5.48,0.02,6.59,-5.22,-4.47,-3.00
14953.52,-11.34,-8.50,-10.45,-5.66,5.64,0.02,7.02,-5.70,-4.80,-2.85
15103.06,-11.94,-9.51,-10.95,-5.86,5.78,0.02,7.46,-6.16,-5.17,-2.43
15254.09,-12.52,-10.33,-11.46,-6.07,5.89,0.02,7.89,-6.63,-5.57,-2.19
15406.63,-12.99,-10.93,-11.98,-6.28,5.96,0.02,8.31,-7.03,-6.02,-2.06
15560.70,-13.45,-11.45,-12.50,-6.49,6.01,0.02,8.68,-7.44,-6.49,-1.99
15716.30,-13.86,-11.74,-13.03,-6.70,6.03,0.02,8.96,-7.83,-7.00,-2.12
15873.47,-14.30,-11.94,-13.57,-6.92,6.04,0.02,9.16,-8.26,-7.54,-2.36
16032.20,-14.76,-12.05,-14.12,-7.14,6.03,0.02,9.19,-8.73,-8.09,-2.71
16192.52,-15.28,-12.17,-14.67,-7.37,6.01,0.02,9.11,-9.27,-8.66,-3.11
16354.45,-15.73,-12.16,-15.23,-7.59,6.00,0.02,8.81,-9.73,-9.23,-3.57
16517.99,-16.12,-12.00,-15.80,-7.82,6.00,0.01,8.44,-10.12,-9.80,-4.12
16683.17,-16.34,-10.86,-16.38,-8.05,6.00,0.01,7.92,-10.34,-10.38,-5.48
16850.01,-16.56,-9.91,-16.96,-8.29,6.00,0.01,7.37,-10.56,-10.96,-6.65
17018.51,-16.79,-9.31,-17.55,-8.53,6.00,0.01,6.75,-10.79,-11.55,-7.47
17188.69,-17.13,-8.69,-18.15,-8.77,6.00,0.01,6.15,-11.13,-12.15,-8.44
17360.58,-17.53,-7.90,-18.75,-9.01,6.00,0.01,5.55,-11.53,-12.75,-9.63
17534.18,-17.97,-7.04,-19.36,-9.26,6.00,0.01,4.97,-11.97,-13.36,-10.93
17709.53,-18.45,-6.90,-19.98,-9.51,6.00,0.01,4.43,-12.45,-13.98,-11.55
17886.62,-18.95,-6.82,-20.61,-9.76,6.00,0.01,3.92,-12.95,-14.61,-12.13
18065.49,-19.46,-6.78,-21.24,-10.01,6.00,0.01,3.46,-13.46,-15.24,-12.68
18246.14,-19.98,-6.75,-21.88,-10.27,6.00,0.01,3.03,-13.98,-15.88,-13.23
18428.60,-20.53,-6.45,-22.53,-10.53,6.00,0.01,2.65,-14.53,-16.53,-14.09
18612.89,-21.15,-6.23,-23.18,-10.80,6.00,0.01,2.29,-15.15,-17.18,-14.91
18799.02,-21.83,-6.44,-23.84,-11.06,6.00,0.00,1.98,-15.83,-17.84,-15.39
18987.01,-22.64,-6.82,-24.51,-11.33,6.00,0.00,1.69,-16.64,-18.51,-15.82
19176.88,-23.65,-7.31,-25.19,-11.60,6.00,0.00,1.44,-17.65,-19.19,-16.34
19368.65,-24.81,-7.78,-25.87,-11.88,6.00,0.00,1.21,-18.81,-19.87,-17.03
19562.33,-26.08,-9.33,-26.56,-12.15,6.00,0.00,1.01,-20.08,-20.56,-16.75
19757.96,-27.40,-11.00,-27.26,-12.44,6.00,0.00,0.82,-21.40,-21.26,-16.40
19955.54,-28.73,-12.68,-27.97,-12.72,6.00,0.00,0.62,-22.73,-21.97,-16.05
