frequency,raw,error,smoothed,error_smoothed,equalization,parametric_eq,fixed_band_eq,equalized_raw,equalized_smoothed,target
20.00,5.85,-0.44,5.85,-0.45,0.44,-0.10,-0.24,6.29,6.29,6.29
20.20,5.91,-0.38,5.91,-0.38,0.38,-0.11,-0.24,6.29,6.30,6.30
20.40,5.98,-0.32,5.98,-0.32,0.33,-0.11,-0.25,6.30,6.30,6.30
20.61,6.04,-0.27,6.04,-0.27,0.28,-0.12,-0.26,6.31,6.31,6.31
20.81,6.10,-0.22,6.10,-0.22,0.23,-0.12,-0.27,6.32,6.32,6.32
21.02,6.15,-0.17,6.15,-0.17,0.18,-0.12,-0.27,6.33,6.33,6.32
21.23,6.20,-0.13,6.20,-0.13,0.13,-0.13,-0.28,6.33,6.33,6.33
21.44,6.25,-0.09,6.25,-0.09,0.09,-0.13,-0.29,6.33,6.33,6.34
21.66,6.29,-0.05,6.29,-0.05,0.05,-0.14,-0.30,6.34,6.34,6.34
21.87,6.33,-0.01,6.33,-0.01,0.01,-0.14,-0.31,6.34,6.33,6.34
22.09,6.36,0.03,6.36,0.03,-0.03,-0.15,-0.32,6.33,6.33,6.33
22.31,6.39,0.07,6.39,0.07,-0.07,-0.15,-0.33,6.33,6.33,6.33
22.54,6.42,0.10,6.42,0.10,-0.10,-0.16,-0.34,6.32,6.32,6.32
22.76,6.45,0.14,6.45,0.14,-0.14,-0.16,-0.35,6.31,6.31,6.31
22.99,6.47,0.17,6.47,0.17,-0.17,-0.17,-0.36,6.31,6.31,6.30
23.22,6.50,0.20,6.50,0.20,-0.19,-0.17,-0.37,6.30,6.30,6.30
23.45,6.52,0.22,6.52,0.22,-0.22,-0.18,-0.38,6.30,6.30,6.30
23.69,6.54,0.24,6.54,0.24,-0.24,-0.19,-0.39,6.30,6.30,6.29
23.92,6.55,0.26,6.55,0.26,-0.26,-0.19,-0.40,6.30,6.30,6.30
24.16,6.56,0.27,6.56,0.27,-0.27,-0.20,-0.41,6.29,6.29,6.30
24.40,6.58,0.28,6.58,0.28,-0.28,-0.21,-0.42,6.29,6.29,6.30
24.65,6.59,0.29,6.59,0.29,-0.30,-0.21,-0.44,6.29,6.29,6.29
24.89,6.60,0.30,6.60,0.30,-0.31,-0.22,-0.45,6.29,6.29,6.29
25.14,6.60,0.32,6.60,0.32,-0.32,-0.23,-0.46,6.29,6.29,6.29
25.39,6.61,0.33,6.61,0.33,-0.33,-0.24,-0.47,6.28,6.28,6.28
25.65,6.62,0.34,6.62,0.34,-0.33,-0.25,-0.48,6.28,6.28,6.28
25.91,6.62,0.34,6.62,0.34,-0.34,-0.25,-0.50,6.28,6.28,6.28
26.16,6.62,0.35,6.62,0.35,-0.34,-0.26,-0.51,6.28,6.28,6.27
26.43,6.62,0.35,6.62,0.35,-0.35,-0.27,-0.52,6.28,6.28,6.27
26.69,6.62,0.35,6.62,0.35,-0.35,-0.28,-0.53,6.28,6.28,6.28
26.96,6.62,0.35,6.62,0.35,-0.35,-0.29,-0.54,6.27,6.27,6.28
27.23,6.62,0.34,6.62,0.34,-0.35,-0.30,-0.55,6.27,6.27,6.27
27.50,6.62,0.35,6.62,0.35,-0.35,-0.31,-0.56,6.27,6.27,6.27
27.77,6.62,0.35,6.62,0.35,-0.35,-0.32,-0.57,6.27,6.27,6.27
28.05,6.62,0.36,6.62,0.36,-0.36,-0.33,-0.58,6.26,6.26,6.27
28.33,6.63,0.37,6.63,0.37,-0.37,-0.35,-0.59,6.26,6.26,6.26
28.62,6.63,0.37,6.63,0.37,-0.37,-0.36,-0.60,6.26,6.26,6.26
28.90,6.64,0.38,6.64,0.38,-0.38,-0.37,-0.61,6.26,6.26,6.25
29.19,6.64,0.39,6.64,0.39,-0.38,-0.38,-0.62,6.26,6.26,6.25
29.48,6.64,0.39,6.64,0.39,-0.39,-0.40,-0.62,6.25,6.25,6.25
29.78,6.64,0.39,6.64,0.39,-0.39,-0.41,-0.63,6.25,6.25,6.25
30.08,6.64,0.39,6.64,0.39,-0.40,-0.42,-0.64,6.25,6.25,6.25
30.38,6.65,0.40,6.65,0.40,-0.40,-0.44,-0.64,6.24,6.24,6.25
30.68,6.65,0.40,6.65,0.40,-0.41,-0.45,-0.64,6.24,6.24,6.24
30.99,6.65,0.42,6.65,0.42,-0.42,-0.47,-0.65,6.23,6.23,6.24
31.30,6.66,0.43,6.66,0.43,-0.43,-0.48,-0.65,6.23,6.23,6.23
31.61,6.67,0.44,6.67,0.44,-0.45,-0.50,-0.65,6.22,6.22,6.22
31.93,6.68,0.46,6.68,0.46,-0.46,-0.51,-0.65,6.22,6.22,6.22
32.24,6.69,0.48,6.69,0.48,-0.48,-0.53,-0.65,6.21,6.21,6.21
32.57,6.70,0.50,6.70,0.50,-0.50,-0.55,-0.64,6.20,6.20,6.20
32.89,6.71,0.52,6.71,0.52,-0.52,-0.56,-0.64,6.19,6.19,6.19
33.22,6.72,0.54,6.72,0.54,-0.54,-0.58,-0.64,6.18,6.18,6.18
33.55,6.73,0.56,6.73,0.56,-0.56,-0.60,-0.63,6.17,6.17,6.17
33.89,6.74,0.57,6.74,0.57,-0.57,-0.62,-0.63,6.17,6.17,6.17
34.23,6.75,0.59,6.75,0.59,-0.59,-0.63,-0.62,6.16,6.16,6.16
34.57,6.76,0.61,6.76,0.61,-0.61,-0.65,-0.62,6.15,6.15,6.15
34.92,6.78,0.63,6.78,0.63,-0.63,-0.67,-0.61,6.15,6.15,6.15
35.27,6.79,0.65,6.79,0.65,-0.65,-0.69,-0.60,6.14,6.14,6.14
35.62,6.80,0.67,6.80,0.67,-0.67,-0.70,-0.60,6.13,6.13,6.13
35.97,6.81,0.69,6.81,0.69,-0.69,-0.72,-0.59,6.13,6.13,6.13
36.33,6.83,0.71,6.83,0.71,-0.71,-0.74,-0.58,6.12,6.12,6.12
36.70,6.84,0.73,6.83,0.73,-0.73,-0.75,-0.57,6.11,6.11,6.11
37.06,6.84,0.75,6.84,0.75,-0.75,-0.77,-0.56,6.10,6.10,6.10
37.43,6.85,0.76,6.85,0.76,-0.76,-0.78,-0.55,6.09,6.09,6.09
37.81,6.86,0.78,6.86,0.78,-0.78,-0.80,-0.55,6.07,6.07,6.08
38.19,6.87,0.80,6.87,0.80,-0.80,-0.81,-0.54,6.06,6.06,6.07
38.57,6.87,0.82,6.87,0.82,-0.82,-0.82,-0.53,6.06,6.06,6.06
38.95,6.88,0.84,6.88,0.84,-0.84,-0.84,-0.52,6.05,6.05,6.05
39.34,6.89,0.85,6.89,0.85,-0.85,-0.85,-0.51,6.04,6.04,6.04
39.74,6.90,0.87,6.90,0.87,-0.87,-0.86,-0.50,6.03,6.03,6.03
40.14,6.90,0.88,6.90,0.88,-0.88,-0.87,-0.50,6.02,6.02,6.02
40.54,6.91,0.89,6.91,0.89,-0.90,-0.87,-0.49,6.01,6.01,6.01
40.94,6.91,0.91,6.91,0.91,-0.91,-0.88,-0.48,6.00,6.00,6.01
41.35,6.92,0.92,6.92,0.92,-0.92,-0.89,-0.47,6.00,6.00,6.00
41.76,6.92,0.93,6.92,0.93,-0.93,-0.89,-0.47,5.99,5.99,5.99
42.18,6.93,0.94,6.93,0.94,-0.94,-0.89,-0.46,5.98,5.98,5.98
42.60,6.93,0.95,6.93,0.95,-0.95,-0.90,-0.45,5.98,5.98,5.98
43.03,6.93,0.96,6.93,0.96,-0.96,-0.90,-0.45,5.97,5.97,5.97
43.46,6.92,0.96,6.92,0.96,-0.96,-0.90,-0.44,5.96,5.96,5.96
43.90,6.91,0.96,6.91,0.96,-0.96,-0.90,-0.44,5.95,5.95,5.95
44.33,6.90,0.96,6.90,0.96,-0.96,-0.89,-0.43,5.93,5.93,5.93
44.78,6.88,0.96,6.88,0.96,-0.96,-0.89,-0.43,5.92,5.92,5.92
45.23,6.87,0.96,6.87,0.96,-0.96,-0.89,-0.42,5.91,5.91,5.91
45.68,6.85,0.95,6.85,0.95,-0.95,-0.88,-0.42,5.90,5.90,5.90
46.13,6.84,0.95,6.84,0.95,-0.95,-0.87,-0.42,5.89,5.89,5.89
46.60,6.82,0.94,6.82,0.94,-0.94,-0.87,-0.41,5.88,5.88,5.88
47.06,6.80,0.93,6.80,0.93,-0.93,-0.86,-0.41,5.87,5.87,5.87
47.53,6.79,0.92,6.79,0.92,-0.92,-0.85,-0.41,5.87,5.87,5.87
48.01,6.77,0.91,6.77,0.91,-0.91,-0.84,-0.41,5.86,5.86,5.86
48.49,6.75,0.90,6.75,0.90,-0.90,-0.82,-0.40,5.85,5.85,5.85
48.97,6.73,0.89,6.73,0.89,-0.89,-0.81,-0.40,5.84,5.84,5.84
49.46,6.71,0.88,6.71,0.88,-0.88,-0.80,-0.40,5.83,5.83,5.83
49.96,6.68,0.87,6.69,0.87,-0.87,-0.78,-0.40,5.82,5.82,5.82
50.46,6.66,0.85,6.66,0.85,-0.85,-0.77,-0.40,5.81,5.81,5.81
50.96,6.64,0.83,6.64,0.83,-0.83,-0.75,-0.40,5.81,5.81,5.80
51.47,6.61,0.81,6.61,0.81,-0.81,-0.73,-0.40,5.80,5.80,5.80
51.99,6.58,0.79,6.58,0.79,-0.79,-0.71,-0.40,5.79,5.79,5.79
52.51,6.55,0.76,6.55,0.76,-0.76,-0.69,-0.40,5.78,5.78,5.78
53.03,6.51,0.74,6.51,0.74,-0.74,-0.67,-0.40,5.78,5.78,5.78
53.56,6.47,0.71,6.47,0.71,-0.71,-0.65,-0.40,5.77,5.77,5.77
54.10,6.44,0.68,6.44,0.68,-0.68,-0.63,-0.40,5.76,5.76,5.76
54.64,6.40,0.65,6.40,0.65,-0.66,-0.61,-0.39,5.74,5.74,5.75
55.18,6.36,0.63,6.36,0.63,-0.63,-0.59,-0.39,5.73,5.73,5.74
55.74,6.32,0.60,6.32,0.60,-0.61,-0.57,-0.39,5.72,5.72,5.72
56.29,6.28,0.58,6.28,0.58,-0.58,-0.55,-0.39,5.70,5.70,5.70
56.86,6.24,0.56,6.24,0.56,-0.56,-0.53,-0.39,5.69,5.69,5.69
57.42,6.20,0.54,6.20,0.54,-0.53,-0.50,-0.39,5.67,5.67,5.67
58.00,6.16,0.51,6.16,0.51,-0.51,-0.48,-0.39,5.65,5.65,5.65
58.58,6.12,0.49,6.12,0.49,-0.49,-0.46,-0.38,5.63,5.63,5.63
59.16,6.07,0.46,6.07,0.46,-0.46,-0.44,-0.38,5.61,5.61,5.61
59.76,6.03,0.43,6.03,0.43,-0.43,-0.42,-0.38,5.60,5.60,5.60
60.35,5.99,0.41,5.99,0.41,-0.41,-0.40,-0.37,5.58,5.58,5.58
60.96,5.94,0.38,5.94,0.38,-0.38,-0.37,-0.37,5.57,5.57,5.57
61.57,5.90,0.35,5.90,0.35,-0.35,-0.35,-0.36,5.55,5.55,5.55
62.18,5.86,0.32,5.86,0.32,-0.32,-0.33,-0.36,5.54,5.54,5.54
62.80,5.82,0.29,5.82,0.29,-0.29,-0.31,-0.35,5.53,5.53,5.53
63.43,5.77,0.26,5.77,0.26,-0.26,-0.29,-0.34,5.51,5.51,5.51
64.07,5.73,0.23,5.73,0.23,-0.24,-0.27,-0.33,5.49,5.49,5.50
64.71,5.69,0.21,5.69,0.21,-0.22,-0.24,-0.33,5.47,5.47,5.48
65.35,5.64,0.19,5.65,0.19,-0.19,-0.22,-0.32,5.45,5.45,5.45
66.01,5.60,0.17,5.60,0.17,-0.17,-0.20,-0.31,5.43,5.43,5.43
66.67,5.56,0.16,5.56,0.16,-0.16,-0.18,-0.30,5.40,5.40,5.40
67.33,5.52,0.14,5.52,0.14,-0.14,-0.16,-0.29,5.38,5.38,5.38
68.01,5.47,0.12,5.47,0.12,-0.12,-0.13,-0.27,5.35,5.35,5.35
68.69,5.43,0.10,5.43,0.10,-0.10,-0.11,-0.26,5.33,5.33,5.32
69.37,5.38,0.08,5.38,0.08,-0.08,-0.09,-0.25,5.30,5.30,5.30
70.07,5.34,0.06,5.34,0.06,-0.06,-0.07,-0.24,5.28,5.28,5.28
70.77,5.29,0.04,5.29,0.04,-0.04,-0.05,-0.22,5.25,5.25,5.25
71.48,5.25,0.01,5.25,0.01,-0.02,-0.02,-0.21,5.23,5.23,5.23
72.19,5.21,-0.01,5.21,-0.01,0.01,-0.00,-0.20,5.21,5.21,5.21
72.91,5.16,-0.03,5.16,-0.03,0.03,0.02,-0.18,5.20,5.20,5.20
73.64,5.12,-0.05,5.12,-0.05,0.06,0.04,-0.17,5.18,5.18,5.18
74.38,5.08,-0.08,5.08,-0.08,0.08,0.06,-0.15,5.16,5.16,5.16
75.12,5.04,-0.10,5.04,-0.10,0.11,0.08,-0.14,5.15,5.15,5.14
75.87,5.00,-0.13,5.00,-0.13,0.13,0.10,-0.12,5.13,5.13,5.13
76.63,4.95,-0.16,4.96,-0.16,0.15,0.12,-0.11,5.11,5.11,5.11
77.40,4.91,-0.18,4.91,-0.18,0.18,0.14,-0.09,5.09,5.09,5.09
78.17,4.87,-0.20,4.87,-0.20,0.20,0.16,-0.08,5.07,5.07,5.07
78.95,4.83,-0.22,4.83,-0.22,0.22,0.18,-0.06,5.05,5.05,5.05
79.74,4.79,-0.24,4.79,-0.24,0.23,0.19,-0.04,5.02,5.02,5.02
80.54,4.74,-0.25,4.74,-0.25,0.25,0.21,-0.03,4.99,4.99,4.99
81.35,4.70,-0.26,4.70,-0.26,0.27,0.23,-0.01,4.97,4.97,4.96
82.16,4.66,-0.28,4.66,-0.28,0.28,0.25,0.00,4.94,4.94,4.94
82.98,4.62,-0.29,4.62,-0.29,0.29,0.26,0.02,4.91,4.91,4.91
83.81,4.58,-0.30,4.58,-0.30,0.30,0.28,0.04,4.88,4.88,4.88
84.65,4.54,-0.32,4.54,-0.31,0.31,0.30,0.05,4.85,4.85,4.85
85.50,4.50,-0.33,4.50,-0.33,0.32,0.31,0.07,4.82,4.82,4.82
86.35,4.45,-0.34,4.45,-0.34,0.34,0.33,0.09,4.79,4.79,4.79
87.22,4.41,-0.35,4.41,-0.35,0.35,0.34,0.11,4.76,4.76,4.76
88.09,4.37,-0.36,4.37,-0.36,0.36,0.36,0.12,4.73,4.73,4.73
88.97,4.33,-0.37,4.33,-0.37,0.38,0.37,0.14,4.71,4.71,4.70
89.86,4.29,-0.39,4.29,-0.39,0.40,0.39,0.16,4.69,4.69,4.68
90.76,4.25,-0.41,4.25,-0.41,0.41,0.40,0.18,4.67,4.67,4.67
91.66,4.21,-0.44,4.21,-0.43,0.43,0.42,0.19,4.65,4.65,4.65
92.58,4.18,-0.45,4.18,-0.45,0.45,0.43,0.21,4.63,4.63,4.63
93.51,4.14,-0.47,4.14,-0.47,0.47,0.44,0.23,4.60,4.60,4.61
94.44,4.10,-0.48,4.10,-0.48,0.49,0.46,0.25,4.58,4.58,4.58
95.39,4.05,-0.50,4.05,-0.50,0.50,0.47,0.26,4.56,4.56,4.55
96.34,4.01,-0.51,4.01,-0.51,0.51,0.48,0.28,4.53,4.53,4.53
97.30,3.97,-0.53,3.97,-0.53,0.52,0.49,0.30,4.50,4.50,4.50
98.28,3.93,-0.54,3.93,-0.54,0.53,0.50,0.32,4.46,4.46,4.47
99.26,3.89,-0.54,3.89,-0.54,0.54,0.52,0.34,4.43,4.43,4.43
100.25,3.85,-0.55,3.85,-0.55,0.54,0.53,0.36,4.39,4.39,4.40
101.25,3.81,-0.55,3.81,-0.55,0.55,0.54,0.37,4.36,4.36,4.36
102.27,3.77,-0.55,3.77,-0.55,0.55,0.55,0.39,4.32,4.32,4.32
103.29,3.73,-0.55,3.73,-0.55,0.56,0.56,0.41,4.29,4.29,4.28
104.32,3.69,-0.56,3.69,-0.56,0.56,0.57,0.43,4.25,4.25,4.25
105.37,3.65,-0.57,3.65,-0.57,0.57,0.58,0.44,4.21,4.21,4.21
106.42,3.60,-0.57,3.60,-0.57,0.57,0.59,0.46,4.18,4.17,4.18
107.48,3.56,-0.58,3.56,-0.58,0.58,0.60,0.48,4.14,4.14,4.14
108.56,3.51,-0.59,3.51,-0.59,0.58,0.61,0.50,4.10,4.10,4.10
109.64,3.47,-0.59,3.47,-0.59,0.59,0.61,0.51,4.06,4.06,4.07
110.74,3.43,-0.60,3.43,-0.60,0.60,0.62,0.53,4.03,4.03,4.03
111.85,3.40,-0.60,3.40,-0.60,0.60,0.63,0.54,4.00,4.00,4.00
112.97,3.36,-0.60,3.36,-0.60,0.60,0.64,0.56,3.96,3.96,3.96
114.10,3.32,-0.61,3.32,-0.61,0.61,0.65,0.57,3.93,3.93,3.93
115.24,3.28,-0.61,3.28,-0.61,0.62,0.65,0.58,3.90,3.90,3.90
116.39,3.24,-0.62,3.24,-0.62,0.62,0.66,0.60,3.87,3.87,3.86
117.55,3.20,-0.62,3.20,-0.62,0.63,0.67,0.61,3.83,3.83,3.82
118.73,3.16,-0.63,3.16,-0.63,0.63,0.67,0.62,3.79,3.79,3.79
119.92,3.12,-0.64,3.12,-0.64,0.63,0.68,0.63,3.75,3.75,3.77
121.12,3.08,-0.65,3.08,-0.64,0.62,0.68,0.64,3.70,3.70,3.73
122.33,3.04,-0.63,3.04,-0.63,0.62,0.69,0.65,3.66,3.66,3.67
123.55,3.00,-0.61,3.00,-0.61,0.61,0.70,0.65,3.61,3.61,3.60
124.79,2.96,-0.59,2.96,-0.60,0.61,0.70,0.66,3.57,3.57,3.55
126.03,2.91,-0.59,2.91,-0.59,0.61,0.71,0.66,3.53,3.53,3.51
127.29,2.87,-0.61,2.87,-0.61,0.62,0.71,0.67,3.49,3.49,3.48
128.57,2.83,-0.62,2.84,-0.62,0.63,0.71,0.67,3.46,3.46,3.46
129.85,2.80,-0.64,2.80,-0.64,0.64,0.72,0.67,3.44,3.44,3.44
131.15,2.76,-0.66,2.76,-0.66,0.66,0.72,0.68,3.42,3.42,3.42
132.46,2.72,-0.68,2.72,-0.68,0.68,0.73,0.68,3.40,3.40,3.40
133.79,2.68,-0.70,2.68,-0.70,0.69,0.73,0.68,3.37,3.37,3.38
135.12,2.64,-0.71,2.64,-0.71,0.71,0.73,0.67,3.35,3.35,3.35
136.48,2.60,-0.72,2.60,-0.72,0.72,0.73,0.67,3.32,3.32,3.32
137.84,2.56,-0.72,2.56,-0.72,0.72,0.74,0.67,3.28,3.28,3.28
139.22,2.52,-0.73,2.52,-0.73,0.73,0.74,0.67,3.25,3.25,3.25
140.61,2.48,-0.73,2.48,-0.73,0.73,0.74,0.67,3.21,3.21,3.21
142.02,2.44,-0.74,2.44,-0.74,0.74,0.74,0.66,3.17,3.17,3.17
143.44,2.39,-0.74,2.39,-0.74,0.74,0.74,0.66,3.13,3.13,3.13
144.87,2.35,-0.74,2.35,-0.74,0.74,0.74,0.65,3.09,3.09,3.09
146.32,2.31,-0.74,2.31,-0.74,0.73,0.74,0.65,3.05,3.05,3.05
147.78,2.27,-0.74,2.27,-0.74,0.73,0.74,0.64,3.01,3.01,3.01
149.26,2.23,-0.73,2.23,-0.73,0.73,0.74,0.64,2.96,2.96,2.97
150.75,2.20,-0.73,2.20,-0.73,0.73,0.74,0.64,2.92,2.92,2.92
152.26,2.16,-0.73,2.16,-0.73,0.73,0.74,0.63,2.89,2.89,2.88
153.78,2.12,-0.72,2.12,-0.73,0.73,0.74,0.63,2.85,2.85,2.84
155.32,2.08,-0.73,2.08,-0.73,0.73,0.74,0.62,2.81,2.81,2.81
156.88,2.04,-0.74,2.04,-0.74,0.74,0.74,0.62,2.78,2.78,2.77
158.44,1.99,-0.75,1.99,-0.75,0.75,0.73,0.62,2.74,2.74,2.74
160.03,1.95,-0.76,1.95,-0.76,0.76,0.73,0.61,2.71,2.71,2.71
161.63,1.90,-0.78,1.90,-0.78,0.78,0.73,0.61,2.68,2.68,2.68
163.24,1.86,-0.79,1.86,-0.79,0.80,0.72,0.61,2.66,2.66,2.66
164.88,1.83,-0.81,1.83,-0.81,0.81,0.71,0.60,2.64,2.64,2.63
166.53,1.79,-0.83,1.79,-0.83,0.83,0.71,0.60,2.62,2.62,2.61
168.19,1.75,-0.84,1.75,-0.84,0.83,0.70,0.60,2.59,2.59,2.59
169.87,1.72,-0.84,1.71,-0.84,0.83,0.69,0.60,2.55,2.55,2.56
171.57,1.67,-0.84,1.67,-0.84,0.82,0.68,0.60,2.50,2.50,2.51
173.29,1.63,-0.82,1.63,-0.82,0.80,0.67,0.60,2.43,2.44,2.45
175.02,1.59,-0.79,1.59,-0.78,0.77,0.66,0.60,2.36,2.36,2.38
176.77,1.55,-0.74,1.55,-0.74,0.74,0.65,0.60,2.29,2.29,2.29
178.54,1.51,-0.69,1.51,-0.69,0.69,0.63,0.60,2.21,2.21,2.20
180.32,1.47,-0.64,1.47,-0.64,0.65,0.62,0.61,2.12,2.12,2.11
182.13,1.43,-0.59,1.43,-0.60,0.61,0.60,0.61,2.04,2.04,2.02
183.95,1.39,-0.56,1.39,-0.56,0.57,0.58,0.61,1.95,1.96,1.95
185.79,1.35,-0.53,1.35,-0.53,0.53,0.55,0.62,1.88,1.88,1.87
187.65,1.30,-0.50,1.30,-0.50,0.50,0.53,0.62,1.80,1.80,1.80
189.52,1.26,-0.47,1.26,-0.47,0.46,0.50,0.62,1.73,1.73,1.73
191.42,1.22,-0.44,1.22,-0.44,0.43,0.47,0.63,1.66,1.66,1.67
193.33,1.19,-0.41,1.19,-0.41,0.40,0.44,0.63,1.59,1.59,1.60
195.27,1.15,-0.38,1.15,-0.38,0.38,0.41,0.64,1.53,1.53,1.53
197.22,1.12,-0.35,1.12,-0.35,0.35,0.37,0.65,1.47,1.47,1.47
199.19,1.08,-0.33,1.08,-0.33,0.33,0.34,0.65,1.41,1.41,1.41
201.18,1.04,-0.31,1.04,-0.31,0.33,0.30,0.66,1.37,1.37,1.35
203.19,1.01,-0.31,1.01,-0.31,0.33,0.27,0.67,1.33,1.33,1.32
205.23,0.97,-0.32,0.97,-0.32,0.34,0.24,0.67,1.31,1.31,1.29
207.28,0.93,-0.34,0.93,-0.34,0.35,0.22,0.68,1.29,1.29,1.28
209.35,0.90,-0.38,0.90,-0.38,0.38,0.21,0.69,1.27,1.27,1.27
211.44,0.86,-0.41,0.86,-0.41,0.40,0.20,0.69,1.26,1.26,1.27
213.56,0.82,-0.44,0.82,-0.44,0.43,0.20,0.70,1.25,1.25,1.26
215.69,0.78,-0.46,0.78,-0.46,0.45,0.21,0.70,1.23,1.23,1.24
217.85,0.74,-0.48,0.74,-0.48,0.46,0.23,0.71,1.20,1.20,1.22
220.03,0.70,-0.48,0.70,-0.48,0.46,0.25,0.71,1.16,1.16,1.18
222.23,0.66,-0.47,0.66,-0.47,0.46,0.28,0.72,1.12,1.12,1.13
224.45,0.62,-0.45,0.62,-0.45,0.45,0.31,0.72,1.07,1.07,1.07
226.70,0.58,-0.43,0.58,-0.43,0.44,0.33,0.73,1.02,1.02,1.02
228.96,0.55,-0.42,0.55,-0.42,0.43,0.36,0.73,0.98,0.98,0.96
231.25,0.51,-0.40,0.51,-0.40,0.42,0.39,0.73,0.94,0.94,0.92
233.57,0.48,-0.40,0.48,-0.40,0.42,0.41,0.73,0.90,0.90,0.88
235.90,0.45,-0.41,0.45,-0.41,0.43,0.43,0.73,0.88,0.88,0.86
238.26,0.42,-0.44,0.42,-0.44,0.44,0.45,0.73,0.85,0.85,0.85
240.64,0.38,-0.46,0.38,-0.46,0.45,0.46,0.72,0.83,0.83,0.85
243.05,0.35,-0.48,0.35,-0.47,0.46,0.48,0.72,0.81,0.81,0.83
245.48,0.32,-0.48,0.32,-0.48,0.46,0.49,0.71,0.78,0.78,0.79
247.93,0.29,-0.47,0.29,-0.47,0.47,0.50,0.71,0.75,0.75,0.75
250.41,0.25,-0.46,0.25,-0.46,0.46,0.51,0.70,0.71,0.71,0.71
252.92,0.21,-0.45,0.21,-0.45,0.45,0.51,0.69,0.67,0.67,0.67
255.45,0.18,-0.44,0.18,-0.44,0.44,0.52,0.68,0.61,0.61,0.62
258.00,0.14,-0.42,0.14,-0.42,0.42,0.52,0.66,0.56,0.56,0.56
260.58,0.10,-0.40,0.11,-0.40,0.40,0.52,0.65,0.50,0.50,0.51
263.19,0.07,-0.38,0.07,-0.38,0.38,0.52,0.63,0.45,0.45,0.45
265.82,0.04,-0.36,0.04,-0.36,0.37,0.52,0.62,0.41,0.41,0.40
268.48,0.01,-0.35,0.01,-0.35,0.36,0.52,0.60,0.37,0.36,0.36
271.16,-0.02,-0.35,-0.03,-0.35,0.35,0.51,0.58,0.33,0.33,0.32
273.87,-0.06,-0.35,-0.06,-0.35,0.36,0.51,0.56,0.30,0.30,0.29
276.61,-0.09,-0.36,-0.09,-0.36,0.37,0.51,0.54,0.28,0.28,0.27
279.38,-0.12,-0.38,-0.12,-0.38,0.39,0.50,0.51,0.27,0.27,0.26
282.17,-0.15,-0.41,-0.15,-0.41,0.42,0.50,0.49,0.27,0.27,0.26
284.99,-0.18,-0.44,-0.18,-0.44,0.45,0.49,0.47,0.27,0.27,0.26
287.84,-0.21,-0.48,-0.21,-0.48,0.48,0.48,0.44,0.27,0.27,0.27
290.72,-0.25,-0.52,-0.25,-0.52,0.51,0.47,0.41,0.26,0.26,0.27
293.63,-0.28,-0.55,-0.28,-0.55,0.53,0.46,0.39,0.25,0.25,0.26
296.57,-0.32,-0.56,-0.32,-0.56,0.55,0.46,0.36,0.23,0.23,0.24
299.53,-0.35,-0.56,-0.35,-0.56,0.55,0.45,0.33,0.20,0.20,0.21
302.53,-0.39,-0.56,-0.39,-0.56,0.55,0.44,0.30,0.16,0.16,0.17
305.55,-0.41,-0.54,-0.41,-0.54,0.53,0.42,0.28,0.12,0.12,0.13
308.61,-0.44,-0.51,-0.44,-0.51,0.51,0.41,0.25,0.08,0.08,0.08
311.69,-0.46,-0.48,-0.46,-0.48,0.49,0.40,0.22,0.03,0.03,0.02
314.81,-0.48,-0.45,-0.48,-0.45,0.46,0.39,0.19,-0.02,-0.02,-0.03
317.96,-0.50,-0.42,-0.50,-0.42,0.43,0.38,0.16,-0.07,-0.07,-0.08
321.14,-0.53,-0.40,-0.53,-0.40,0.41,0.36,0.13,-0.13,-0.13,-0.13
324.35,-0.56,-0.38,-0.56,-0.38,0.38,0.35,0.10,-0.18,-0.18,-0.18
327.59,-0.59,-0.36,-0.59,-0.36,0.36,0.33,0.06,-0.24,-0.24,-0.23
330.87,-0.62,-0.34,-0.62,-0.34,0.33,0.32,0.03,-0.29,-0.29,-0.29
334.18,-0.65,-0.31,-0.65,-0.31,0.31,0.30,0.00,-0.34,-0.34,-0.34
337.52,-0.68,-0.29,-0.68,-0.29,0.29,0.29,-0.03,-0.39,-0.39,-0.39
340.90,-0.70,-0.26,-0.70,-0.26,0.26,0.27,-0.06,-0.44,-0.44,-0.44
344.30,-0.73,-0.23,-0.73,-0.23,0.23,0.25,-0.09,-0.50,-0.50,-0.49
347.75,-0.75,-0.20,-0.75,-0.20,0.19,0.24,-0.12,-0.56,-0.56,-0.55
351.23,-0.77,-0.17,-0.77,-0.17,0.16,0.22,-0.16,-0.61,-0.61,-0.61
354.74,-0.79,-0.13,-0.79,-0.13,0.13,0.20,-0.19,-0.67,-0.67,-0.66
358.28,-0.81,-0.09,-0.81,-0.09,0.09,0.18,-0.22,-0.72,-0.72,-0.72
361.87,-0.83,-0.05,-0.83,-0.05,0.06,0.16,-0.25,-0.77,-0.77,-0.78
365.49,-0.85,-0.02,-0.86,-0.02,0.03,0.14,-0.29,-0.82,-0.82,-0.83
369.14,-0.88,0.00,-0.88,0.00,0.01,0.12,-0.32,-0.88,-0.88,-0.89
372.83,-0.91,0.02,-0.91,0.02,-0.02,0.10,-0.35,-0.92,-0.92,-0.93
376.56,-0.93,0.04,-0.93,0.04,-0.04,0.08,-0.38,-0.97,-0.97,-0.97
380.33,-0.96,0.05,-0.96,0.05,-0.05,0.06,-0.42,-1.01,-1.01,-1.01
384.13,-0.98,0.06,-0.98,0.06,-0.07,0.03,-0.45,-1.05,-1.05,-1.04
387.97,-1.00,0.08,-1.00,0.08,-0.09,0.01,-0.48,-1.09,-1.09,-1.09
391.85,-1.03,0.11,-1.03,0.11,-0.11,-0.01,-0.52,-1.14,-1.14,-1.13
395.77,-1.05,0.13,-1.05,0.13,-0.13,-0.04,-0.55,-1.19,-1.19,-1.18
399.73,-1.07,0.16,-1.07,0.16,-0.16,-0.06,-0.58,-1.23,-1.23,-1.23
403.72,-1.10,0.19,-1.10,0.19,-0.19,-0.09,-0.61,-1.28,-1.28,-1.29
407.76,-1.12,0.22,-1.12,0.22,-0.22,-0.11,-0.65,-1.34,-1.34,-1.34
411.84,-1.14,0.25,-1.14,0.25,-0.25,-0.14,-0.68,-1.39,-1.39,-1.39
415.96,-1.16,0.28,-1.16,0.28,-0.28,-0.16,-0.71,-1.44,-1.44,-1.44
420.12,-1.18,0.31,-1.18,0.31,-0.31,-0.19,-0.74,-1.49,-1.49,-1.49
424.32,-1.20,0.34,-1.20,0.34,-0.34,-0.22,-0.77,-1.54,-1.54,-1.54
428.56,-1.22,0.37,-1.22,0.37,-0.37,-0.25,-0.80,-1.58,-1.58,-1.58
432.85,-1.23,0.40,-1.23,0.40,-0.40,-0.28,-0.83,-1.63,-1.63,-1.63
437.18,-1.25,0.42,-1.25,0.42,-0.42,-0.31,-0.86,-1.67,-1.67,-1.67
441.55,-1.26,0.45,-1.26,0.45,-0.45,-0.34,-0.89,-1.71,-1.71,-1.71
445.96,-1.28,0.48,-1.28,0.47,-0.47,-0.37,-0.91,-1.75,-1.75,-1.75
450.42,-1.29,0.50,-1.29,0.50,-0.50,-0.40,-0.94,-1.79,-1.79,-1.79
454.93,-1.31,0.52,-1.31,0.52,-0.52,-0.43,-0.96,-1.83,-1.83,-1.83
459.48,-1.33,0.54,-1.33,0.54,-0.54,-0.46,-0.98,-1.87,-1.87,-1.87
464.07,-1.35,0.56,-1.35,0.56,-0.56,-0.49,-1.01,-1.91,-1.91,-1.91
468.71,-1.37,0.58,-1.37,0.58,-0.58,-0.53,-1.03,-1.94,-1.94,-1.94
473.40,-1.39,0.59,-1.39,0.59,-0.60,-0.56,-1.04,-1.98,-1.98,-1.98
478.13,-1.41,0.61,-1.41,0.61,-0.61,-0.59,-1.06,-2.02,-2.02,-2.02
482.91,-1.42,0.63,-1.42,0.63,-0.63,-0.63,-1.07,-2.06,-2.06,-2.05
487.74,-1.44,0.65,-1.44,0.65,-0.65,-0.66,-1.09,-2.09,-2.09,-2.09
492.62,-1.46,0.67,-1.46,0.67,-0.67,-0.69,-1.10,-2.13,-2.13,-2.13
497.55,-1.48,0.69,-1.48,0.69,-0.69,-0.73,-1.10,-2.17,-2.17,-2.17
502.52,-1.50,0.71,-1.50,0.71,-0.71,-0.76,-1.11,-2.20,-2.20,-2.20
507.55,-1.51,0.73,-1.51,0.73,-0.73,-0.80,-1.11,-2.24,-2.24,-2.24
512.62,-1.53,0.75,-1.53,0.75,-0.75,-0.83,-1.12,-2.28,-2.27,-2.27
517.75,-1.54,0.77,-1.54,0.77,-0.77,-0.87,-1.12,-2.31,-2.31,-2.31
522.93,-1.55,0.79,-1.55,0.79,-0.79,-0.90,-1.11,-2.34,-2.34,-2.34
528.16,-1.57,0.81,-1.57,0.81,-0.81,-0.94,-1.11,-2.38,-2.38,-2.38
533.44,-1.58,0.84,-1.58,0.84,-0.84,-0.97,-1.11,-2.42,-2.42,-2.42
538.77,-1.60,0.86,-1.60,0.86,-0.86,-1.01,-1.10,-2.45,-2.45,-2.46
544.16,-1.61,0.88,-1.61,0.88,-0.88,-1.04,-1.09,-2.49,-2.49,-2.49
549.60,-1.63,0.90,-1.63,0.90,-0.90,-1.08,-1.08,-2.53,-2.53,-2.53
555.10,-1.65,0.92,-1.65,0.92,-0.92,-1.11,-1.07,-2.57,-2.57,-2.57
560.65,-1.66,0.95,-1.66,0.95,-0.94,-1.15,-1.06,-2.61,-2.61,-2.61
566.25,-1.68,0.97,-1.68,0.97,-0.97,-1.18,-1.04,-2.65,-2.65,-2.65
571.92,-1.70,0.99,-1.70,0.99,-0.99,-1.21,-1.03,-2.69,-2.69,-2.69
577.64,-1.72,1.01,-1.72,1.01,-1.01,-1.25,-1.01,-2.73,-2.73,-2.73
583.41,-1.73,1.04,-1.73,1.04,-1.04,-1.28,-1.00,-2.77,-2.77,-2.77
589.25,-1.75,1.06,-1.75,1.07,-1.07,-1.31,-0.98,-2.82,-2.82,-2.82
595.14,-1.76,1.10,-1.76,1.10,-1.10,-1.34,-0.97,-2.86,-2.86,-2.86
601.09,-1.77,1.13,-1.77,1.13,-1.14,-1.37,-0.95,-2.91,-2.91,-2.90
607.10,-1.76,1.18,-1.76,1.18,-1.19,-1.39,-0.93,-2.95,-2.95,-2.94
613.17,-1.75,1.23,-1.75,1.23,-1.24,-1.42,-0.91,-2.99,-2.99,-2.98
619.30,-1.72,1.29,-1.72,1.29,-1.30,-1.45,-0.90,-3.02,-3.02,-3.01
625.50,-1.68,1.36,-1.68,1.36,-1.36,-1.47,-0.88,-3.05,-3.05,-3.04
631.75,-1.64,1.43,-1.64,1.43,-1.42,-1.49,-0.86,-3.07,-3.07,-3.07
638.07,-1.59,1.49,-1.59,1.49,-1.48,-1.51,-0.85,-3.08,-3.08,-3.09
644.45,-1.55,1.55,-1.55,1.55,-1.54,-1.53,-0.83,-3.09,-3.09,-3.10
650.89,-1.51,1.60,-1.51,1.60,-1.58,-1.55,-0.81,-3.09,-3.09,-3.11
657.40,-1.48,1.63,-1.48,1.63,-1.62,-1.57,-0.80,-3.10,-3.10,-3.11
663.98,-1.45,1.65,-1.45,1.65,-1.65,-1.58,-0.78,-3.10,-3.10,-3.10
670.62,-1.43,1.67,-1.43,1.67,-1.66,-1.59,-0.77,-3.09,-3.09,-3.10
677.32,-1.42,1.67,-1.41,1.67,-1.67,-1.61,-0.75,-3.09,-3.09,-3.09
684.10,-1.40,1.67,-1.40,1.67,-1.67,-1.61,-0.74,-3.07,-3.07,-3.07
690.94,-1.39,1.66,-1.39,1.66,-1.67,-1.62,-0.72,-3.06,-3.06,-3.06
697.85,-1.38,1.65,-1.38,1.65,-1.66,-1.62,-0.71,-3.04,-3.04,-3.04
704.83,-1.37,1.64,-1.37,1.64,-1.64,-1.63,-0.70,-3.02,-3.02,-3.01
711.87,-1.36,1.63,-1.36,1.63,-1.63,-1.63,-0.69,-2.99,-2.99,-2.99
718.99,-1.35,1.61,-1.35,1.61,-1.61,-1.62,-0.67,-2.97,-2.97,-2.97
726.18,-1.34,1.60,-1.34,1.60,-1.60,-1.62,-0.66,-2.94,-2.94,-2.94
733.44,-1.33,1.58,-1.33,1.58,-1.58,-1.61,-0.65,-2.91,-2.91,-2.91
740.78,-1.32,1.56,-1.32,1.56,-1.56,-1.60,-0.64,-2.88,-2.88,-2.88
748.19,-1.31,1.54,-1.31,1.54,-1.55,-1.59,-0.63,-2.85,-2.85,-2.85
755.67,-1.29,1.53,-1.29,1.53,-1.53,-1.58,-0.62,-2.82,-2.82,-2.82
763.23,-1.27,1.51,-1.27,1.51,-1.51,-1.56,-0.62,-2.78,-2.78,-2.78
770.86,-1.25,1.49,-1.25,1.49,-1.49,-1.55,-0.61,-2.74,-2.74,-2.74
778.57,-1.23,1.47,-1.23,1.47,-1.47,-1.53,-0.60,-2.70,-2.70,-2.70
786.35,-1.21,1.45,-1.21,1.45,-1.45,-1.51,-0.59,-2.66,-2.66,-2.66
794.22,-1.18,1.43,-1.18,1.43,-1.43,-1.48,-0.59,-2.61,-2.61,-2.61
802.16,-1.15,1.41,-1.15,1.41,-1.41,-1.46,-0.58,-2.56,-2.56,-2.56
810.18,-1.12,1.39,-1.12,1.39,-1.39,-1.43,-0.58,-2.51,-2.51,-2.51
818.28,-1.10,1.36,-1.10,1.36,-1.36,-1.40,-0.57,-2.46,-2.46,-2.46
826.46,-1.07,1.34,-1.07,1.34,-1.34,-1.37,-0.57,-2.40,-2.40,-2.40
834.73,-1.03,1.31,-1.03,1.31,-1.31,-1.34,-0.56,-2.35,-2.35,-2.34
843.08,-1.00,1.29,-1.00,1.29,-1.29,-1.31,-0.56,-2.28,-2.28,-2.28
851.51,-0.96,1.26,-0.96,1.26,-1.26,-1.28,-0.56,-2.22,-2.22,-2.22
860.02,-0.92,1.24,-0.92,1.24,-1.23,-1.24,-0.55,-2.15,-2.15,-2.15
868.62,-0.87,1.21,-0.87,1.21,-1.21,-1.20,-0.55,-2.08,-2.08,-2.08
877.31,-0.83,1.18,-0.83,1.18,-1.18,-1.17,-0.55,-2.01,-2.01,-2.01
886.08,-0.78,1.15,-0.78,1.15,-1.15,-1.13,-0.55,-1.94,-1.94,-1.94
894.94,-0.73,1.12,-0.73,1.12,-1.12,-1.09,-0.55,-1.86,-1.86,-1.86
903.89,-0.68,1.09,-0.68,1.09,-1.09,-1.05,-0.55,-1.78,-1.78,-1.78
912.93,-0.63,1.06,-0.63,1.06,-1.06,-1.01,-0.55,-1.69,-1.69,-1.69
922.06,-0.57,1.03,-0.57,1.03,-1.03,-0.97,-0.55,-1.60,-1.60,-1.60
931.28,-0.51,1.00,-0.51,1.00,-1.00,-0.93,-0.55,-1.50,-1.50,-1.51
940.59,-0.45,0.96,-0.45,0.96,-0.96,-0.89,-0.55,-1.41,-1.41,-1.41
950.00,-0.38,0.92,-0.38,0.92,-0.93,-0.85,-0.55,-1.30,-1.30,-1.30
959.50,-0.31,0.89,-0.31,0.89,-0.89,-0.80,-0.55,-1.20,-1.20,-1.20
969.09,-0.24,0.85,-0.24,0.85,-0.85,-0.76,-0.55,-1.09,-1.09,-1.09
978.78,-0.17,0.81,-0.17,0.81,-0.81,-0.72,-0.55,-0.97,-0.98,-0.98
988.57,-0.09,0.77,-0.09,0.77,-0.77,-0.68,-0.55,-0.86,-0.86,-0.86
998.46,-0.01,0.73,-0.01,0.73,-0.73,-0.64,-0.55,-0.74,-0.74,-0.74
1008.44,0.07,0.69,0.07,0.69,-0.68,-0.60,-0.55,-0.62,-0.62,-0.62
1018.53,0.15,0.64,0.15,0.64,-0.64,-0.56,-0.55,-0.49,-0.49,-0.49
1028.71,0.23,0.60,0.23,0.60,-0.60,-0.51,-0.56,-0.37,-0.37,-0.36
1039.00,0.32,0.55,0.32,0.55,-0.55,-0.48,-0.56,-0.23,-0.23,-0.23
1049.39,0.41,0.51,0.41,0.51,-0.51,-0.44,-0.56,-0.10,-0.10,-0.10
1059.88,0.50,0.46,0.50,0.46,-0.47,-0.40,-0.56,0.03,0.03,0.03
1070.48,0.59,0.42,0.59,0.42,-0.42,-0.36,-0.57,0.17,0.17,0.17
1081.19,0.69,0.38,0.69,0.38,-0.38,-0.32,-0.57,0.31,0.31,0.30
1092.00,0.78,0.34,0.78,0.34,-0.34,-0.28,-0.57,0.44,0.44,0.44
1102.92,0.88,0.30,0.88,0.30,-0.29,-0.25,-0.58,0.58,0.58,0.58
1113.95,0.97,0.25,0.97,0.25,-0.25,-0.21,-0.58,0.72,0.72,0.72
1125.09,1.07,0.21,1.07,0.21,-0.20,-0.18,-0.58,0.86,0.86,0.86
1136.34,1.16,0.16,1.16,0.16,-0.16,-0.14,-0.59,1.00,1.00,1.00
1147.70,1.26,0.12,1.26,0.12,-0.12,-0.11,-0.59,1.14,1.14,1.14
1159.18,1.36,0.07,1.36,0.07,-0.07,-0.08,-0.60,1.28,1.28,1.28
1170.77,1.45,0.03,1.45,0.03,-0.03,-0.05,-0.61,1.42,1.42,1.42
1182.48,1.55,-0.01,1.55,-0.01,0.01,-0.02,-0.61,1.56,1.56,1.56
1194.30,1.65,-0.05,1.65,-0.05,0.04,0.01,-0.62,1.70,1.70,1.70
1206.25,1.75,-0.08,1.75,-0.08,0.08,0.03,-0.63,1.83,1.83,1.83
1218.31,1.85,-0.11,1.85,-0.11,0.11,0.06,-0.63,1.96,1.96,1.96
1230.49,1.94,-0.15,1.94,-0.15,0.15,0.08,-0.64,2.09,2.09,2.09
1242.80,2.04,-0.18,2.04,-0.18,0.18,0.10,-0.65,2.22,2.22,2.22
1255.22,2.14,-0.20,2.14,-0.20,0.20,0.13,-0.66,2.34,2.34,2.34
1267.78,2.24,-0.23,2.24,-0.23,0.23,0.15,-0.67,2.46,2.46,2.46
1280.45,2.33,-0.25,2.33,-0.25,0.25,0.16,-0.68,2.58,2.58,2.58
1293.26,2.43,-0.27,2.43,-0.27,0.27,0.18,-0.69,2.70,2.70,2.70
1306.19,2.53,-0.29,2.53,-0.29,0.28,0.20,-0.70,2.81,2.81,2.81
1319.25,2.62,-0.30,2.62,-0.30,0.30,0.21,-0.71,2.92,2.92,2.92
1332.45,2.72,-0.31,2.72,-0.31,0.31,0.22,-0.73,3.03,3.03,3.03
1345.77,2.82,-0.32,2.82,-0.32,0.33,0.23,-0.74,3.14,3.14,3.14
1359.23,2.91,-0.34,2.91,-0.34,0.34,0.24,-0.76,3.25,3.25,3.25
1372.82,3.01,-0.35,3.01,-0.35,0.35,0.25,-0.77,3.36,3.36,3.36
1386.55,3.10,-0.36,3.10,-0.36,0.36,0.25,-0.79,3.46,3.46,3.46
1400.41,3.20,-0.37,3.20,-0.37,0.36,0.25,-0.80,3.56,3.56,3.56
1414.42,3.29,-0.37,3.29,-0.37,0.37,0.26,-0.82,3.66,3.66,3.66
1428.56,3.39,-0.37,3.39,-0.37,0.37,0.25,-0.84,3.76,3.76,3.76
1442.85,3.49,-0.37,3.49,-0.37,0.37,0.25,-0.85,3.85,3.85,3.85
1457.28,3.58,-0.36,3.58,-0.36,0.36,0.25,-0.87,3.94,3.94,3.95
1471.85,3.68,-0.35,3.68,-0.35,0.35,0.24,-0.89,4.03,4.03,4.03
1486.57,3.78,-0.34,3.78,-0.34,0.34,0.23,-0.91,4.12,4.12,4.12
1501.43,3.88,-0.32,3.88,-0.32,0.33,0.22,-0.93,4.20,4.20,4.20
1516.45,3.98,-0.31,3.98,-0.31,0.31,0.20,-0.95,4.28,4.28,4.28
1531.61,4.07,-0.29,4.07,-0.29,0.29,0.19,-0.97,4.36,4.36,4.36
1546.93,4.17,-0.26,4.17,-0.26,0.27,0.17,-1.00,4.44,4.44,4.44
1562.40,4.28,-0.24,4.28,-0.24,0.24,0.14,-1.02,4.51,4.51,4.51
1578.02,4.38,-0.21,4.38,-0.21,0.21,0.12,-1.04,4.59,4.59,4.59
1593.80,4.48,-0.18,4.48,-0.18,0.18,0.09,-1.07,4.66,4.66,4.66
1609.74,4.58,-0.14,4.58,-0.14,0.14,0.06,-1.09,4.72,4.72,4.72
1625.84,4.69,-0.10,4.69,-0.10,0.10,0.03,-1.11,4.79,4.79,4.79
1642.10,4.79,-0.06,4.79,-0.06,0.06,-0.01,-1.14,4.85,4.85,4.85
1658.52,4.90,-0.01,4.90,-0.01,0.01,-0.05,-1.16,4.90,4.90,4.90
1675.10,5.00,0.05,5.00,0.05,-0.05,-0.09,-1.19,4.96,4.96,4.96
1691.85,5.11,0.10,5.11,0.10,-0.10,-0.14,-1.21,5.01,5.01,5.01
1708.77,5.22,0.16,5.22,0.16,-0.16,-0.19,-1.23,5.06,5.06,5.06
1725.86,5.33,0.23,5.33,0.23,-0.23,-0.24,-1.26,5.10,5.10,5.10
1743.12,5.44,0.30,5.44,0.30,-0.30,-0.30,-1.28,5.14,5.14,5.14
1760.55,5.55,0.37,5.55,0.37,-0.37,-0.35,-1.30,5.18,5.18,5.18
1778.15,5.66,0.44,5.66,0.44,-0.44,-0.42,-1.32,5.22,5.22,5.22
1795.94,5.77,0.52,5.77,0.52,-0.52,-0.48,-1.34,5.25,5.25,5.25
1813.90,5.89,0.61,5.89,0.61,-0.61,-0.55,-1.36,5.28,5.28,5.28
1832.03,6.00,0.69,6.00,0.69,-0.69,-0.63,-1.38,5.31,5.31,5.31
1850.36,6.11,0.78,6.11,0.78,-0.78,-0.70,-1.39,5.33,5.33,5.33
1868.86,6.23,0.87,6.23,0.87,-0.87,-0.78,-1.41,5.36,5.36,5.36
1887.55,6.34,0.96,6.34,0.96,-0.96,-0.87,-1.42,5.38,5.38,5.38
1906.42,6.45,1.06,6.45,1.06,-1.06,-0.95,-1.43,5.40,5.40,5.39
1925.49,6.57,1.16,6.57,1.16,-1.16,-1.04,-1.44,5.41,5.41,5.41
1944.74,6.68,1.25,6.68,1.25,-1.25,-1.14,-1.45,5.43,5.43,5.43
1964.19,6.79,1.35,6.79,1.35,-1.35,-1.23,-1.46,5.44,5.44,5.44
1983.83,6.90,1.45,6.90,1.45,-1.45,-1.33,-1.46,5.45,5.45,5.45
2003.67,7.01,1.55,7.01,1.55,-1.55,-1.43,-1.46,5.46,5.46,5.46
2023.71,7.12,1.65,7.12,1.65,-1.65,-1.53,-1.46,5.47,5.47,5.47
2043.94,7.23,1.75,7.23,1.75,-1.75,-1.64,-1.46,5.48,5.48,5.48
2064.38,7.34,1.85,7.34,1.85,-1.85,-1.74,-1.45,5.48,5.48,5.48
2085.03,7.44,1.95,7.44,1.95,-1.95,-1.85,-1.45,5.49,5.49,5.49
2105.88,7.54,2.05,7.54,2.05,-2.05,-1.95,-1.44,5.49,5.49,5.49
2126.94,7.64,2.14,7.64,2.14,-2.14,-2.06,-1.43,5.49,5.49,5.49
2148.20,7.73,2.23,7.73,2.23,-2.23,-2.16,-1.42,5.50,5.50,5.50
2169.69,7.82,2.32,7.82,2.32,-2.32,-2.26,-1.40,5.50,5.50,5.50
2191.38,7.91,2.41,7.91,2.41,-2.41,-2.36,-1.39,5.50,5.50,5.50
2213.30,7.99,2.48,7.99,2.49,-2.49,-2.46,-1.37,5.50,5.50,5.50
2235.43,8.07,2.56,8.07,2.56,-2.56,-2.55,-1.36,5.51,5.51,5.51
2257.78,8.14,2.63,8.14,2.63,-2.63,-2.63,-1.34,5.51,5.51,5.51
2280.36,8.21,2.70,8.21,2.70,-2.70,-2.71,-1.32,5.51,5.51,5.51
2303.17,8.27,2.75,8.27,2.75,-2.75,-2.78,-1.30,5.52,5.52,5.52
2326.20,8.33,2.80,8.33,2.80,-2.80,-2.85,-1.28,5.52,5.52,5.52
2349.46,8.38,2.85,8.38,2.85,-2.85,-2.90,-1.26,5.53,5.53,5.53
2372.95,8.43,2.88,8.43,2.88,-2.88,-2.94,-1.24,5.54,5.55,5.54
2396.68,8.47,2.91,8.47,2.91,-2.91,-2.97,-1.22,5.56,5.56,5.56
2420.65,8.50,2.92,8.50,2.92,-2.92,-3.00,-1.19,5.58,5.58,5.58
2444.86,8.53,2.93,8.53,2.93,-2.93,-3.01,-1.17,5.60,5.60,5.60
2469.31,8.55,2.92,8.55,2.92,-2.92,-3.01,-1.15,5.63,5.63,5.63
2494.00,8.56,2.91,8.56,2.90,-2.90,-3.00,-1.13,5.66,5.66,5.66
2518.94,8.57,2.88,8.57,2.88,-2.87,-2.98,-1.11,5.70,5.70,5.69
2544.13,8.57,2.84,8.57,2.84,-2.84,-2.94,-1.09,5.74,5.74,5.73
2569.57,8.57,2.79,8.57,2.79,-2.79,-2.90,-1.07,5.78,5.78,5.78
2595.27,8.56,2.73,8.56,2.73,-2.73,-2.84,-1.05,5.83,5.83,5.83
2621.22,8.54,2.67,8.54,2.66,-2.66,-2.78,-1.04,5.88,5.88,5.88
2647.43,8.52,2.59,8.52,2.59,-2.59,-2.71,-1.02,5.93,5.93,5.93
2673.90,8.49,2.51,8.49,2.51,-2.51,-2.64,-1.00,5.98,5.98,5.98
2700.64,8.46,2.43,8.46,2.43,-2.43,-2.55,-0.99,6.03,6.03,6.03
2727.65,8.42,2.35,8.42,2.35,-2.35,-2.47,-0.97,6.08,6.08,6.08
2754.93,8.38,2.26,8.38,2.26,-2.27,-2.37,-0.96,6.12,6.12,6.12
2782.48,8.34,2.18,8.34,2.18,-2.18,-2.28,-0.94,6.16,6.16,6.16
2810.30,8.29,2.10,8.29,2.10,-2.10,-2.18,-0.93,6.19,6.19,6.19
2838.40,8.24,2.02,8.24,2.02,-2.03,-2.08,-0.92,6.22,6.22,6.22
2866.79,8.19,1.95,8.19,1.95,-1.95,-1.98,-0.91,6.24,6.24,6.24
2895.46,8.14,1.88,8.14,1.88,-1.88,-1.88,-0.90,6.25,6.25,6.26
2924.41,8.08,1.82,8.08,1.82,-1.82,-1.78,-0.89,6.26,6.26,6.26
2953.65,8.02,1.76,8.02,1.76,-1.76,-1.68,-0.88,6.27,6.27,6.27
2983.19,7.97,1.70,7.97,1.70,-1.70,-1.59,-0.87,6.27,6.27,6.27
3013.02,7.91,1.64,7.91,1.64,-1.64,-1.50,-0.86,6.26,6.27,6.27
3043.15,7.85,1.59,7.85,1.59,-1.59,-1.40,-0.86,6.26,6.26,6.26
3073.58,7.79,1.54,7.79,1.54,-1.54,-1.32,-0.85,6.25,6.25,6.25
3104.32,7.73,1.49,7.73,1.49,-1.49,-1.23,-0.85,6.24,6.24,6.24
3135.36,7.68,1.44,7.68,1.44,-1.44,-1.15,-0.84,6.23,6.23,6.23
3166.72,7.62,1.40,7.62,1.40,-1.40,-1.07,-0.84,6.22,6.22,6.22
3198.38,7.57,1.35,7.57,1.35,-1.35,-1.00,-0.84,6.21,6.21,6.22
3230.37,7.51,1.30,7.51,1.30,-1.31,-0.93,-0.84,6.21,6.21,6.21
3262.67,7.46,1.26,7.46,1.26,-1.26,-0.86,-0.83,6.20,6.20,6.20
3295.30,7.41,1.21,7.41,1.21,-1.22,-0.80,-0.83,6.19,6.19,6.20
3328.25,7.36,1.15,7.36,1.15,-1.17,-0.74,-0.83,6.18,6.18,6.20
3361.53,7.30,1.10,7.30,1.10,-1.12,-0.69,-0.83,6.18,6.18,6.21
3395.15,7.25,1.04,7.24,1.04,-1.05,-0.64,-0.83,6.20,6.20,6.21
3429.10,7.17,0.96,7.18,0.96,-0.95,-0.60,-0.82,6.23,6.23,6.21
3463.39,7.08,0.87,7.09,0.87,-0.81,-0.55,-0.82,6.28,6.28,6.22
3498.03,6.97,0.75,6.96,0.74,-0.63,-0.52,-0.82,6.34,6.33,6.22
3533.01,6.79,0.56,6.78,0.55,-0.43,-0.48,-0.82,6.36,6.36,6.23
3568.34,6.56,0.32,6.55,0.30,-0.22,-0.45,-0.81,6.34,6.33,6.24
3604.02,6.29,0.03,6.28,0.01,-0.03,-0.43,-0.81,6.26,6.25,6.27
3640.06,6.03,-0.27,6.04,-0.25,0.12,-0.40,-0.80,6.14,6.16,6.29
3676.46,5.89,-0.44,5.90,-0.42,0.23,-0.38,-0.80,6.11,6.13,6.33
3713.22,5.88,-0.49,5.90,-0.46,0.28,-0.37,-0.79,6.16,6.18,6.37
3750.36,6.03,-0.39,6.04,-0.38,0.28,-0.35,-0.78,6.31,6.32,6.41
3787.86,6.26,-0.21,6.25,-0.22,0.24,-0.34,-0.77,6.50,6.49,6.47
3825.74,6.48,-0.05,6.46,-0.07,0.17,-0.33,-0.76,6.65,6.63,6.53
3864.00,6.65,0.05,6.64,0.04,0.08,-0.32,-0.75,6.73,6.72,6.60
3902.64,6.75,0.08,6.76,0.09,0.00,-0.32,-0.73,6.75,6.76,6.67
3941.66,6.84,0.10,6.84,0.10,-0.05,-0.31,-0.72,6.79,6.79,6.74
3981.08,6.89,0.07,6.89,0.07,-0.06,-0.31,-0.70,6.83,6.83,6.82
4020.89,6.92,0.03,6.92,0.04,-0.04,-0.31,-0.68,6.88,6.88,6.89
4061.10,6.94,-0.02,6.94,-0.01,-0.00,-0.31,-0.66,6.94,6.93,6.95
4101.71,6.94,-0.06,6.94,-0.06,0.05,-0.31,-0.63,6.99,6.99,7.00
4142.73,6.94,-0.11,6.94,-0.11,0.09,-0.31,-0.61,7.03,7.03,7.04
4184.15,6.93,-0.15,6.93,-0.14,0.13,-0.31,-0.58,7.06,7.06,7.07
4226.00,6.90,-0.17,6.90,-0.17,0.16,-0.31,-0.55,7.06,7.06,7.07
4268.26,6.87,-0.18,6.88,-0.18,0.17,-0.31,-0.52,7.05,7.05,7.05
4310.94,6.84,-0.18,6.83,-0.18,0.18,-0.30,-0.49,7.01,7.01,7.02
4354.05,6.78,-0.17,6.78,-0.17,0.16,-0.30,-0.45,6.95,6.95,6.95
4397.59,6.72,-0.14,6.72,-0.14,0.14,-0.30,-0.42,6.86,6.86,6.86
4441.56,6.65,-0.10,6.64,-0.10,0.10,-0.29,-0.38,6.74,6.74,6.75
4485.98,6.55,-0.05,6.55,-0.05,0.05,-0.28,-0.34,6.60,6.60,6.60
4530.84,6.45,0.02,6.45,0.01,-0.02,-0.27,-0.30,6.43,6.43,6.43
4576.15,6.33,0.09,6.33,0.09,-0.10,-0.25,-0.26,6.23,6.23,6.24
4621.91,6.20,0.18,6.20,0.18,-0.19,-0.23,-0.21,6.01,6.01,6.02
4668.13,6.05,0.28,6.05,0.27,-0.28,-0.21,-0.17,5.77,5.76,5.77
4714.81,5.89,0.38,5.89,0.38,-0.39,-0.19,-0.12,5.50,5.50,5.51
4761.96,5.71,0.49,5.71,0.49,-0.50,-0.16,-0.08,5.21,5.21,5.23
4809.58,5.52,0.60,5.52,0.60,-0.61,-0.13,-0.03,4.91,4.91,4.93
4857.67,5.32,0.70,5.32,0.70,-0.71,-0.09,0.02,4.61,4.61,4.62
4906.25,5.11,0.80,5.11,0.80,-0.80,-0.05,0.06,4.31,4.31,4.31
4955.31,4.89,0.87,4.89,0.87,-0.86,-0.01,0.11,4.02,4.02,4.01
5004.87,4.66,0.92,4.65,0.92,-0.89,0.04,0.16,3.76,3.76,3.74
5054.91,4.42,0.93,4.42,0.92,-0.89,0.10,0.21,3.53,3.53,3.49
5105.46,4.17,0.89,4.17,0.88,-0.84,0.15,0.27,3.33,3.33,3.28
5156.52,3.92,0.79,3.92,0.79,-0.75,0.22,0.32,3.18,3.18,3.13
5208.08,3.67,0.65,3.67,0.65,-0.62,0.28,0.37,3.05,3.05,3.01
5260.16,3.41,0.47,3.41,0.47,-0.45,0.35,0.42,2.96,2.96,2.94
5312.77,3.16,0.26,3.16,0.26,-0.27,0.43,0.48,2.89,2.89,2.90
5365.89,2.91,0.05,2.91,0.05,-0.08,0.51,0.53,2.82,2.82,2.86
5419.55,2.66,-0.16,2.66,-0.15,0.11,0.59,0.59,2.76,2.76,2.81
5473.75,2.41,-0.34,2.41,-0.34,0.29,0.67,0.64,2.70,2.70,2.75
5528.49,2.17,-0.50,2.17,-0.50,0.46,0.76,0.70,2.63,2.63,2.66
5583.77,1.93,-0.64,1.93,-0.64,0.62,0.85,0.76,2.55,2.55,2.57
5639.61,1.70,-0.77,1.71,-0.77,0.76,0.94,0.82,2.46,2.47,2.47
5696.00,1.48,-0.90,1.49,-0.90,0.90,1.03,0.88,2.38,2.39,2.38
5752.96,1.27,-1.02,1.28,-1.03,1.05,1.13,0.94,2.32,2.33,2.30
5810.49,1.07,-1.18,1.08,-1.18,1.20,1.22,1.00,2.27,2.29,2.25
5868.60,0.88,-1.35,0.90,-1.35,1.38,1.32,1.06,2.26,2.28,2.23
5927.28,0.70,-1.55,0.73,-1.55,1.59,1.42,1.13,2.29,2.31,2.25
5986.56,0.53,-1.78,0.57,-1.78,1.81,1.52,1.19,2.35,2.38,2.31
6046.42,0.38,-2.04,0.43,-2.03,2.07,1.61,1.26,2.45,2.49,2.42
6106.89,0.24,-2.32,0.30,-2.31,2.34,1.71,1.32,2.58,2.64,2.56
6167.96,0.11,-2.62,0.19,-2.60,2.62,1.80,1.39,2.73,2.81,2.73
6229.64,-0.00,-2.94,0.11,-2.89,2.89,1.90,1.46,2.89,3.00,2.94
6291.93,-0.10,-3.24,0.05,-3.16,3.14,1.99,1.53,3.05,3.19,3.14
6354.85,-0.17,-3.52,0.01,-3.39,3.37,2.08,1.60,3.20,3.38,3.35
6418.40,-0.23,-3.77,0.00,-3.58,3.54,2.16,1.68,3.31,3.54,3.54
6482.58,-0.28,-3.98,0.02,-3.70,3.66,2.25,1.75,3.38,3.68,3.70
6547.41,-0.29,-4.14,0.07,-3.76,3.71,2.32,1.82,3.42,3.78,3.85
6612.88,-0.30,-4.25,0.15,-3.75,3.70,2.40,1.90,3.40,3.84,3.95
6679.01,-0.28,-4.29,0.25,-3.66,3.61,2.47,1.97,3.34,3.87,4.01
6745.80,-0.23,-4.28,0.38,-3.51,3.48,2.53,2.05,3.25,3.85,4.05
6813.26,-0.16,-4.22,0.52,-3.31,3.30,2.59,2.13,3.13,3.81,4.05
6881.39,-0.07,-4.10,0.66,-3.08,3.08,2.64,2.20,3.02,3.75,4.04
6950.21,0.06,-3.95,0.80,-2.83,2.86,2.68,2.28,2.92,3.66,4.02
7019.71,0.22,-3.78,0.92,-2.60,2.63,2.72,2.36,2.85,3.56,4.00
7089.91,0.41,-3.61,1.02,-2.38,2.42,2.74,2.43,2.83,3.44,4.02
7160.81,0.64,-3.43,1.09,-2.20,2.23,2.75,2.50,2.87,3.31,4.07
7232.41,0.91,-3.26,1.11,-2.05,2.07,2.75,2.57,2.97,3.18,4.17
7304.74,1.20,-3.13,1.11,-1.93,1.94,2.75,2.64,3.14,3.05,4.33
7377.79,1.54,-2.99,1.06,-1.84,1.85,2.73,2.71,3.39,2.91,4.53
7451.56,1.91,-2.85,0.99,-1.78,1.79,2.70,2.77,3.69,2.78,4.76
7526.08,2.29,-2.73,0.90,-1.75,1.75,2.65,2.83,4.04,2.65,5.02
7601.34,2.69,-2.61,0.78,-1.75,1.75,2.60,2.89,4.44,2.53,5.30
7677.35,3.07,-2.50,0.66,-1.76,1.77,2.52,2.94,4.84,2.42,5.57
7754.13,3.44,-2.38,0.52,-1.80,1.81,2.45,2.99,5.25,2.32,5.82
7831.67,3.74,-2.30,0.38,-1.86,1.86,2.35,3.03,5.60,2.24,6.04
7909.98,3.98,-2.23,0.23,-1.94,1.94,2.26,3.07,5.92,2.17,6.21
7989.08,4.13,-2.15,0.08,-2.03,2.03,2.16,3.10,6.16,2.11,6.28
8068.98,4.13,-2.11,-0.07,-2.13,2.13,2.07,3.13,6.25,2.06,6.24
8149.67,4.02,-2.07,-0.22,-2.23,2.23,1.99,3.14,6.25,2.02,6.10
8231.16,3.78,-2.04,-0.36,-2.35,2.34,1.92,3.16,6.13,1.99,5.82
8313.47,3.39,-2.01,-0.49,-2.46,2.45,1.91,3.17,5.84,1.96,5.40
8396.61,2.92,-1.99,-0.62,-2.57,2.56,1.89,3.17,5.48,1.94,4.91
8480.57,2.33,-2.00,-0.75,-2.68,2.66,1.96,3.17,4.99,1.92,4.33
8565.38,1.66,-2.02,-0.87,-2.77,2.76,2.03,3.17,4.43,1.90,3.69
8651.03,0.96,-2.07,-0.98,-2.87,2.86,2.19,3.16,3.82,1.87,3.03
8737.54,0.23,-2.14,-1.10,-2.95,2.95,2.36,3.15,3.18,1.84,2.37
8824.92,-0.49,-2.23,-1.23,-3.04,3.03,2.59,3.13,2.54,1.80,1.74
8913.17,-1.19,-2.33,-1.36,-3.12,3.12,2.82,3.11,1.93,1.76,1.14
9002.30,-1.88,-2.44,-1.51,-3.21,3.21,3.09,3.09,1.33,1.70,0.56
9092.32,-2.50,-2.53,-1.67,-3.30,3.31,3.36,3.07,0.81,1.64,0.03
9183.25,-3.06,-2.63,-1.83,-3.41,3.41,3.64,3.05,0.35,1.58,-0.43
9275.08,-3.59,-2.73,-2.01,-3.52,3.53,3.91,3.03,-0.06,1.52,-0.85
9367.83,-4.06,-2.87,-2.20,-3.64,3.65,4.17,3.01,-0.41,1.45,-1.19
9461.51,-4.48,-3.04,-2.40,-3.78,3.79,4.43,2.99,-0.69,1.39,-1.44
9556.12,-4.87,-3.24,-2.61,-3.93,3.94,4.66,2.98,-0.93,1.33,-1.63
9651.68,-5.22,-3.48,-2.82,-4.08,4.09,4.90,2.96,-1.13,1.27,-1.74
9748.20,-5.54,-3.79,-3.05,-4.24,4.24,5.10,2.95,-1.29,1.20,-1.75
9845.68,-5.79,-4.10,-3.27,-4.40,4.39,5.30,2.93,-1.40,1.12,-1.70
9944.14,-6.00,-4.42,-3.50,-4.56,4.54,5.47,2.93,-1.46,1.04,-1.58
10043.58,-6.16,-4.75,-3.74,-4.72,4.68,5.65,2.92,-1.48,0.94,-1.41
10144.02,-6.27,-5.04,-3.95,-4.82,4.81,5.80,2.92,-1.46,0.86,-1.22
10245.46,-6.30,-5.26,-4.16,-4.93,4.93,5.94,2.92,-1.37,0.77,-1.04
10347.91,-6.29,-5.36,-4.38,-5.04,5.05,6.07,2.93,-1.25,0.67,-0.93
10451.39,-6.23,-5.33,-4.60,-5.15,5.16,6.19,2.94,-1.07,0.56,-0.91
10555.91,-6.09,-5.12,-4.82,-5.26,5.27,6.30,2.96,-0.82,0.45,-0.97
10661.46,-5.89,-4.70,-5.05,-5.37,5.39,6.40,2.98,-0.51,0.34,-1.19
10768.08,-5.64,-4.12,-5.28,-5.48,5.50,6.49,3.00,-0.13,0.23,-1.51
10875.76,-5.30,-3.43,-5.51,-5.60,5.62,6.58,3.03,0.31,0.11,-1.87
10984.52,-4.91,-2.67,-5.75,-5.71,5.72,6.65,3.07,0.81,-0.03,-2.24
11094.36,-4.49,-1.99,-5.99,-5.83,5.81,6.72,3.11,1.32,-0.18,-2.50
11205.31,-4.05,-1.37,-6.24,-5.95,5.89,6.78,3.16,1.84,-0.35,-2.68
11317.36,-3.64,-0.90,-6.48,-6.07,5.95,6.84,3.21,2.30,-0.54,-2.75
11430.53,-3.28,-0.61,-6.74,-6.19,5.99,6.89,3.27,2.70,-0.75,-2.67
11544.84,-3.07,-0.52,-6.99,-6.31,6.01,6.94,3.33,2.94,-0.98,-2.55
11660.29,-2.98,-0.62,-7.25,-6.44,6.02,6.97,3.41,3.04,-1.23,-2.37
11776.89,-3.02,-0.85,-7.51,-6.56,6.02,7.01,3.48,3.00,-1.49,-2.17
11894.66,-3.41,-1.41,-7.78,-6.69,6.01,7.04,3.58,2.60,-1.77,-2.00
12013.60,-3.86,-1.99,-8.05,-6.82,6.00,7.06,3.67,2.14,-2.05,-1.88
12133.74,-4.50,-2.65,-8.32,-6.95,6.00,7.08,3.78,1.50,-2.32,-1.85
12255.08,-5.32,-3.43,-8.60,-7.08,6.00,7.10,3.89,0.68,-2.60,-1.89
12377.63,-6.24,-4.24,-8.88,-7.21,6.00,7.10,4.01,-0.24,-2.88,-2.00
12501.41,-7.22,-5.05,-9.16,-7.35,6.00,7.11,4.15,-1.22,-3.16,-2.17
12626.42,-8.24,-5.87,-9.45,-7.48,6.00,7.11,4.29,-2.24,-3.45,-2.37
12752.68,-9.23,-6.68,-9.74,-7.62,6.00,7.11,4.45,-3.23,-3.74,-2.56
12880.21,-10.16,-7.43,-10.04,-7.76,6.00,7.10,4.62,-4.16,-4.04,-2.72
13009.01,-11.05,-8.22,-10.34,-7.90,6.00,7.09,4.80,-5.05,-4.34,-2.83
13139.10,-11.93,-9.05,-10.64,-8.04,6.00,7.07,5.01,-5.93,-4.64,-2.88
13270.49,-12.69,-9.83,-10.94,-8.18,6.00,7.06,5.22,-6.69,-4.94,-2.86
13403.20,-13.39,-10.68,-11.25,-8.33,6.00,7.03,5.46,-7.39,-5.25,-2.72
13537.23,-13.99,-11.49,-11.57,-8.47,6.00,7.00,5.71,-7.99,-5.57,-2.50
13672.60,-14.54,-12.33,-11.88,-8.62,6.00,6.97,5.99,-8.54,-5.88,-2.20
13809.33,-15.02,-13.25,-12.20,-8.77,6.00,6.93,6.28,-9.02,-6.20,-1.78
13947.42,-15.42,-14.13,-12.53,-8.92,6.00,6.89,6.61,-9.42,-6.53,-1.29
14086.90,-15.74,-15.00,-12.85,-9.07,6.00,6.85,6.96,-9.74,-6.85,-0.75
14227.77,-16.03,-15.84,-13.18,-9.22,6.00,6.80,7.35,-10.03,-7.18,-0.18
14370.04,-16.26,-16.53,-13.52,-9.37,6.00,6.74,7.75,-10.26,-7.52,0.27
14513.74,-16.42,-17.01,-13.86,-9.53,6.00,6.68,8.21,-10.42,-7.86,0.59
14658.88,-16.52,-17.15,-14.20,-9.69,6.00,6.62,8.68,-10.52,-8.20,0.63
14805.47,-16.59,-16.91,-14.54,-9.85,6.00,6.55,9.21,-10.59,-8.54,0.32
14953.52,-16.62,-16.40,-14.89,-10.00,6.00,6.48,9.75,-10.62,-8.89,-0.21
15103.06,-16.64,-15.64,-15.24,-10.17,6.00,6.39,10.33,-10.64,-9.24,-1.00
15254.09,-16.65,-14.71,-15.60,-10.33,6.00,6.31,10.91,-10.65,-9.60,-1.94
15406.63,-16.71,-13.79,-15.96,-10.49,6.00,6.22,11.48,-10.71,-9.96,-2.92
15560.70,-16.82,-12.91,-16.32,-10.66,6.00,6.13,12.01,-10.82,-10.32,-3.91
15716.30,-17.01,-12.09,-16.69,-10.82,6.00,6.02,12.42,-11.01,-10.69,-4.91
15873.47,-17.33,-11.41,-17.06,-10.99,6.00,5.92,12.71,-11.33,-11.06,-5.92
16032.20,-17.74,-10.82,-17.43,-11.16,6.00,5.80,12.73,-11.74,-11.43,-6.92
16192.52,-18.30,-10.47,-17.81,-11.33,6.00,5.69,12.59,-12.30,-11.81,-7.83
16354.45,-19.00,-10.40,-18.19,-11.50,6.00,5.56,12.13,-13.00,-12.19,-8.60
16517.99,-19.79,-10.55,-18.57,-11.68,6.00,5.43,11.57,-13.79,-12.57,-9.24
16683.17,-20.73,-11.10,-18.96,-11.85,6.00,5.29,10.81,-14.73,-12.96,-9.64
16850.01,-21.72,-11.88,-19.35,-12.03,6.00,5.14,10.03,-15.72,-13.35,-9.84
17018.51,-22.70,-12.81,-19.74,-12.21,6.00,4.99,9.20,-16.70,-13.74,-9.89
17188.69,-23.47,-13.73,-20.14,-12.39,6.00,4.83,8.39,-17.47,-14.14,-9.74
17360.58,-23.94,-14.53,-20.54,-12.57,6.00,4.66,7.60,-17.94,-14.54,-9.40
17534.18,-24.15,-15.16,-20.95,-12.75,6.00,4.49,6.85,-18.15,-14.95,-8.99
17709.53,-24.03,-15.52,-21.36,-12.93,6.00,4.30,6.16,-18.03,-15.36,-8.51
17886.62,-23.73,-15.57,-21.77,-13.12,6.00,4.12,5.50,-17.73,-15.77,-8.16
18065.49,-23.34,-15.38,-22.19,-13.30,6.00,3.92,4.90,-17.34,-16.19,-7.96
18246.14,-22.89,-14.95,-22.61,-13.49,6.00,3.71,4.33,-16.89,-16.61,-7.94
18428.60,-22.46,-14.14,-23.03,-13.68,6.00,3.50,3.83,-16.46,-17.03,-8.32
18612.89,-22.08,-13.20,-23.46,-13.87,6.00,3.28,3.35,-16.08,-17.46,-8.88
18799.02,-21.75,-12.17,-23.89,-14.06,6.00,3.05,2.92,-15.75,-17.89,-9.58
18987.01,-21.50,-11.11,-24.32,-14.26,6.00,2.82,2.53,-15.50,-18.32,-10.38
19176.88,-21.35,-10.22,-24.76,-14.45,6.00,2.58,2.17,-15.35,-18.76,-11.13
19368.65,-21.28,-9.48,-25.20,-14.65,6.00,2.34,1.85,-15.28,-19.20,-11.80
19562.33,-21.28,-8.99,-25.65,-14.84,6.00,2.10,1.56,-15.28,-19.65,-12.29
19757.96,-21.35,-8.78,-26.09,-15.04,6.00,1.85,1.27,-15.35,-20.09,-12.57
19955.54,-21.41,-8.64,-26.55,-15.24,6.00,1.60,0.98,-15.41,-20.55,-12.77
